r 	R_1(r) 		R_2(r) 		R_3(r) 		R_4(r) 		R_5(r) 		R_6(r) 		R_7(r) 		R_8(r) 		R_9(r) 		R_10(r) 		R_11(r) 		R_12(r) 		R_13(r) 		R_14(r) 		R_15(r) 	
7.500000E-01 [0.30904934 1.55626074 2.25951592 2.591623   2.81263948 2.98270041
 3.1269792  3.24779346 3.3540893  3.45083411 3.54604116 3.61699311
 3.69046734 3.75668888 3.81903527]
7.501504E-01 [0.30904923 1.55626085 2.25951739 2.59162708 2.81264747 2.98271368
 3.12699918 3.24782163 3.35412716 3.45088321 3.54610304 3.61706941
 3.69055961 3.75679873 3.81916429]
7.507775E-01 [0.30905271 1.55625735 2.25946792 2.59148964 2.81237837 2.9822667
 3.12632648 3.24687313 3.35285208 3.44922952 3.5440192  3.61449986
 3.6874521  3.75309918 3.81481926]
7.518734E-01 [0.30906705 1.55624278 2.25926338 2.59092166 2.8112665  2.98042007
 3.12354758 3.24295521 3.34758561 3.44239984 3.5354138  3.60388973
 3.67462199 3.73782636 3.79688386]
7.534303E-01 [0.30910309 1.5562056  2.25874738 2.58949011 2.80846515 2.97576874
 3.11654964 3.23309136 3.33433004 3.42521452 3.51376674 3.57720869
 3.64236992 3.69944864 3.75183406]
7.554407E-01 [0.30917476 1.55613003 2.2577157  2.58663165 2.80287492 2.9664913
 3.10259844 3.21343692 3.3079325  3.39101271 3.47071475 3.52418557
 3.57832796 3.62331051 3.66254373]
7.578966E-01 [0.30929859 1.55599593 2.25592117 2.58166823 2.79317709 2.95041024
 3.07843691 3.17943073 3.26230791 3.33196919 3.39648881 3.43289956
 3.46824233 3.49265128 3.50958985]
7.607903E-01 [0.30949318 1.55577852 2.25307896 2.57382483 2.77787275 2.92506501
 3.04040912 3.1259925  3.19073867 3.2395324  3.28053457 3.29063737
 3.29712963 3.29013382 3.27323765]
7.641142E-01 [0.30977864 1.55544812 2.24887234 2.56224909 2.75532802 2.88779968
 2.98461394 3.04777466 3.08626618 3.10500838 3.11235237 3.08506786
 3.05087609 2.99997285 2.93621584]
7.678604E-01 [0.31017604 1.55496994 2.24295883 2.54603315 2.7238257  2.83586616
 2.90709096 2.93947349 2.94218229 2.92030145 2.88257022 2.80574702
 2.71828643 2.61065435 2.48724432]
7.720212E-01 [0.31070684 1.55430389 2.23497672 2.52423724 2.68162323 2.76654328
 2.80403897 2.79619906 2.75261726 2.6788017  2.58422557 2.44590347
 2.29348975 2.11808488 1.9250502 ]
7.765888E-01 [0.31139242 1.55340449 2.2245519  2.49591519 2.62701666 2.6772703
 2.6720634  2.61389557 2.51320547 2.37638051 2.21418232 2.00437322
 1.77848053 1.52881424 1.2623214 ]
7.815555E-01 [0.31225362 1.55222085 2.21130503 2.46014135 2.55840945 2.56579207
 2.50844543 2.3897946  2.22179181 2.01242188 1.77455203 1.48745901
 1.1854305  0.86276558 0.52875337]
7.869136E-01 [ 0.31331028  1.55069681  2.19485878  2.41603854  2.47438472  2.43031114
  2.31142071  2.12287413  1.87912259  1.5907832   1.2739315   0.91040295
  0.53828067  0.15473604 -0.22787199]
7.926553E-01 [ 0.31458091  1.54877114  2.17484542  2.36280658  2.37377869  2.2696405
  2.0804514   1.81428637  1.48944714  1.12054935  0.72822467  0.29810032
 -0.12694729 -0.54613365 -0.94366273]
7.987728E-01 [ 0.31608241  1.54637799  2.15091422  2.29975067  2.25575287  2.08334891
  1.81647122  1.46771057  1.06094379  0.61642714  0.16079902 -0.315323
 -0.76365023 -1.17960803 -1.54446331]
8.052584E-01 [ 0.3178298   1.54344735  2.12273889  2.22630881  2.11986178  1.87188951
  1.52208094  1.08958228  0.60588005  0.09862894 -0.39825111 -0.88837592
 -1.31831313 -1.68066404 -1.95574404]
8.121044E-01 [ 0.31983604  1.53990567  2.09002481  2.1420776   1.96611293  1.63670202
  1.20167054  0.68915162  0.14042449 -0.40787757 -0.91388788 -1.37565287
 -1.73638403 -1.98860819 -2.11572092]
8.193030E-01 [ 0.32211194  1.53567668  2.05251589  2.04683529  1.79501552  1.38027841
  0.86144583  0.27832967 -0.3159504  -0.8748202  -1.34898717 -1.73275872
 -1.96993045 -2.05799238 -1.98971927]
8.268464E-01 [ 0.32466606  1.53068219  2.01000098  1.94056143  1.60761465  1.10618318
  0.50934125 -0.12870468 -0.74149904 -1.27275599 -1.66812425 -1.92228071
 -1.98612843 -1.86952836 -1.58272918]
8.347269E-01 [ 0.32750467  1.52484308  1.96231961  1.82345215  1.4055078   0.81902086
  0.15480698 -0.51614575 -1.11364357 -1.57376626 -1.84194667 -1.92005367
 -1.77515966 -1.43860943 -0.94653702]
8.429368E-01 [ 0.33063181  1.51808029  1.90936709  1.69593028  1.19084133  0.52434609
 -0.19153269 -0.86743389 -1.41074472 -1.75448063 -1.85160613 -1.72070157
 -1.35580604 -0.81890047 -0.17813427]
8.514683E-01 [ 0.33404928  1.51031586  1.85109859  1.55864978  0.96628523  0.22851474
 -0.51834217 -1.16631677 -1.61406523 -1.79909796 -1.6925856  -1.34131926
 -0.77707466 -0.09895169  0.59247498]
8.603136E-01 [ 0.33775676  1.50147406  1.78753233  1.41249399  0.73498541 -0.06152137
 -0.81413954 -1.39802926 -1.70973923 -1.70200493 -1.37721354 -0.822252
 -0.11464621  0.60900956  1.22451231]
8.694651E-01 [ 0.34175187  1.49148244  1.71875168  1.2585674   0.50049412 -0.33846969
 -1.06793345 -1.55049858 -1.6905277  -1.46957683 -0.93523651 -0.22427115
  0.53818584  1.1871942   1.59518295]
8.789148E-01 [ 0.34603033  1.48027285  1.64490605  1.09818092  0.26667985 -0.59499151
 -1.26989202 -1.61546601 -1.55713239 -1.12079289 -0.41203587  0.37798686
  1.08425219  1.53440154  1.62874333]
8.886552E-01 [ 0.35058606  1.46778252  1.56621064  0.93283098  0.03761967 -0.82402185
 -1.41199668 -1.58941099 -1.31886282 -0.68641504  0.13559294  0.90573561
  1.4388674   1.58770693  1.31823685]
8.986785E-01 [ 0.35541133  1.45395494  1.48294498  0.76417273 -0.1825223  -1.01909753
 -1.48863041 -1.47417094 -0.99350431 -0.20665426  0.64577281  1.28759994
  1.54579537  1.33846018  0.73286879]
9.089768E-01 [ 0.36049693  1.43874077  1.39545024  0.59398819 -0.38962549 -1.17467499
 -1.49705114 -1.27716999 -0.60631671  0.27253827  1.05925212  1.47114612
  1.38940183  0.83794466  0.00691277]
9.195425E-01 [ 0.36583226  1.42209853  1.30412548  0.42415017 -0.57974728 -1.28641848
 -1.43770665 -1.01120233 -0.18819371  0.70419864  1.32741756  1.43225031
  0.99994658  0.19001724 -0.68921421]
9.303679E-01 [ 0.37140558  1.40399532  1.20942277  0.25658296 -0.74925536 -1.35144062
 -1.31435735 -0.6937569   0.22688055  1.04555221  1.41936694  1.18034365
  0.45014431 -0.46892162 -1.18973501]
9.414450E-01 [ 0.37720407  1.3844073   1.11184141  0.09322119 -0.89495233 -1.36847932
 -1.13398758 -0.34591573  0.60484257  1.26302523  1.32683217  0.75818474
 -0.15708425 -0.99891755 -1.37592463]
9.527663E-01 [ 0.38321403  1.36332007  1.01192127 -0.06403216 -1.01418692 -1.33799872
 -0.90650199  0.00909611  0.91471895  1.33637566  1.06600605  0.23577891
 -0.70772463 -1.28795544 -1.20832069]
9.643240E-01 [ 0.38942101  1.34072895  0.91023553 -0.21334711 -1.10494697 -1.26220645
 -0.64422129  0.34759234  1.13160654  1.2613331   0.67578802 -0.30079316
 -1.09894435 -1.27825478 -0.73883751]
9.761102E-01 [ 0.39580996  1.31663912  0.80738284 -0.35300615 -1.16593007 -1.14498441
 -0.36120796  0.64719388  1.23912094  1.0503207   0.21254975 -0.76380099
 -1.25982886 -0.98045158 -0.09813083]
9.881173E-01 [ 0.40236534  1.29106554  0.70397922 -0.4814408  -1.19658877 -0.99173586
 -0.07246714  0.88852568  1.23102189  0.73108999 -0.25787597 -1.07895119
 -1.165949   -0.47152577  0.53929765]
1.000338E+00 [ 0.4090713   1.2640329   0.6006497  -0.59726405 -1.19714865 -0.80915684
  0.20692176  1.05668701  1.11181423  0.34339626 -0.66977441 -1.19829405
 -0.84433806  0.12355954  1.00291862]
1.012763E+00 [ 0.41591173  1.23557527  0.49802007 -0.69929789 -1.16859868 -0.60494446
  0.46268124  1.14236013  0.89624207 -0.06587243 -0.96718315 -1.10844924
 -0.36755565  0.6622128   1.17329572]
1.025386E+00 [ 0.42287043  1.2057358   0.39670876 -0.78659523 -1.11265483 -0.38745833
  0.68215761  1.14245678  0.60772432 -0.44847032 -1.11202868 -0.83252724
  0.16199154  1.01896252  1.01470786]
1.038199E+00 [ 0.4299312   1.17456621  0.29731906 -0.85845576 -1.03169866 -0.1653542
  0.85503127  1.06024665  0.27590581 -0.76069742 -1.08945087 -0.42535917
  0.63403087  1.11570746  0.5836184 ]
1.051195E+00 [ 0.43707792  1.14212622  0.20043181 -0.91443546 -0.92869427  0.05279035
  0.97386767  0.90496219 -0.06639903 -0.9686388  -0.90947529  0.0370247
  0.95379493  0.93971512  0.01057628]
1.064364E+00 [ 0.44429464  1.10848293  0.10659871 -0.95434975 -0.80708728  0.25883791
  1.03447379  0.69092389 -0.38652559 -1.05204876 -0.60481455  0.47159408
  1.06157301  0.54488841 -0.53882639]
1.077700E+00 [ 0.45156572  1.07371011  0.01633633 -0.97827049 -0.67069051  0.44542259
  1.03604135  0.43627423 -0.65517394 -1.00639229 -0.22523167  0.80342751
  0.94417978  0.03629887 -0.91206093]
1.091195E+00 [ 0.45887579  1.03788743 -0.06987916 -0.98651715 -0.5235613   0.60623441
  0.98107365  0.16144226 -0.84917376 -0.84282561  0.17053922  0.97884743
  0.63601851 -0.45760554 -1.01246494]
1.104841E+00 [ 0.46620993  1.00109972 -0.15161635 -0.9796427  -0.36987535  0.73624438
  0.87510952 -0.11251912 -0.95351795 -0.58619019  0.52394734  0.97417198
  0.20985287 -0.81760316 -0.82437165]
1.118631E+00 [ 0.47355364  0.96343613 -0.22849211 -0.95841486 -0.21380208  0.83186126
  0.72627151 -0.36557552 -0.96247736 -0.2713649   0.78536322  0.79861577
 -0.24027323 -0.96261426 -0.41391907]
1.132556E+00 [ 0.48089297  0.92498933 -0.30017428 -0.92379353 -0.05938592  0.89101589
  0.54467677 -0.58019495 -0.87972168  0.06147155  0.92104502  0.49106637
 -0.61986898 -0.86776036  0.09359364]
1.146609E+00 [ 0.48821446  0.88585468 -0.36638341 -0.87690509  0.08956237  0.9131727
  0.34175655 -0.74255676 -0.7174857   0.37199741  0.91733548  0.11164983
 -0.85385323 -0.56756236  0.5520493 ]
1.160782E+00 [ 0.49550528  0.84612947 -0.42689373 -0.81901457  0.2295613   0.89927226
  0.12953371 -0.84340082 -0.49492266  0.62463698  0.78159476 -0.27006355
 -0.90119039 -0.14431069  0.83662931]
1.175067E+00 [ 0.50275317  0.80591212 -0.48153327 -0.75149637  0.35753837  0.85161195
 -0.08009294 -0.87846914 -0.23586596  0.79257447  0.53992594 -0.58784538
 -0.76147819  0.29458592  0.87741978]
1.189457E+00 [ 0.50994654  0.76530146 -0.53018326 -0.67580454  0.4708924   0.77367474
 -0.27601251 -0.84853108  0.03373158  0.86044272  0.23225253 -0.79019685
 -0.47261085  0.64394204  0.67551752]
1.203944E+00 [ 0.51707441  0.72439602 -0.57277683 -0.59344317  0.56753761  0.6699176
 -0.44847612 -0.75901928  0.28839753  0.82544266 -0.09432025 -0.84838226
 -0.10063766  0.82578585  0.29832074]
1.218520E+00 [ 0.52412648  0.68329338 -0.60929713 -0.50593774  0.64592908  0.54553264
 -0.58955246 -0.61933447  0.50551356  0.6968709  -0.39273628 -0.75992146
  0.27547739  0.80608984 -0.14313811]
1.233178E+00 [ 0.53109309  0.64208957 -0.63977492 -0.41480796  0.70507053  0.4061939
 -0.69344599 -0.44189998  0.66724408  0.4942374  -0.62269032 -0.54727659
  0.58063105  0.59985118 -0.5271431 ]
1.247909E+00 [ 0.53796527  0.60087851 -0.66428569 -0.32154262  0.74450531  0.25780255
 -0.75666981 -0.24106022  0.76186545  0.24431683 -0.75585766 -0.25235409
  0.75831573  0.26425727 -0.75465962]
1.262706E+00 [ 0.54473467  0.55975155 -0.68294641 -0.22757679  0.7642925   0.10624191
 -0.77807496 -0.03192166  0.78441689 -0.0224216  -0.77901512  0.071871
  0.78048819 -0.11743988 -0.77402857]
1.277561E+00 [ 0.55139363  0.51879698 -0.69591208 -0.13427187  0.76496994 -0.0428476
 -0.75874705  0.17077027  0.73666954 -0.27552694 -0.69478937  0.37092101
  0.65101385 -0.45675846 -0.5911291 ]
1.292466E+00 [ 0.55793509  0.47809967 -0.70337195 -0.04289834  0.74750682 -0.18426567
 -0.70178805  0.35363658  0.62647824 -0.48797293 -0.52014102  0.5978447
  0.40258476 -0.68029552 -0.26363672]
1.307414E+00 [ 0.56435264  0.43774076 -0.70554571  0.04537825  0.71324789 -0.31341555
 -0.61200641  0.50548855  0.46663437 -0.63889143 -0.28300859  0.72024981
  0.08832686 -0.74492978  0.11763081]
1.322397E+00 [ 0.57064047  0.39779738 -0.70267958  0.12950845  0.66385207 -0.42642985
 -0.49554184  0.61792666  0.27337381 -0.71538428 -0.01775397  0.72437031
 -0.229766   -0.64498925  0.454216  ]
1.337407E+00 [ 0.57679337  0.3583424  -0.69504236  0.20856696  0.60122766 -0.52025726
 -0.35945196  0.68569291  0.06471046 -0.7132993   0.23985018  0.6157977
 -0.49304634 -0.41058526  0.66519359]
1.352437E+00 [ 0.58280667  0.3194443  -0.68292161  0.28175785  0.52746644 -0.59271027
 -0.21128752  0.70677605 -0.1412367  -0.63698779  0.45736882  0.41709518
 -0.6567059  -0.09836981  0.70571576]
1.367478E+00 [ 0.58867629  0.28116699 -0.66661986  0.34841714  0.44477872 -0.64247596
 -0.05868039  0.68228724 -0.32777333 -0.49817466  0.6095845   0.16299311
 -0.69677333  0.2225071   0.57501878]
1.382522E+00 [ 0.59439865  0.24356981 -0.64645102  0.40801281  0.35543107 -0.66909316
  0.09103478  0.61613874 -0.48089676 -0.31415616  0.68109142 -0.10583037
 -0.61270209  0.48574855  0.31304711]
1.397563E+00 [ 0.59997067  0.20670737 -0.62273687  0.46014268  0.2616882  -0.67290032
  0.23114885  0.51456822 -0.59021863 -0.10558908  0.66740582 -0.34927647
 -0.42555401  0.64121522 -0.01227016]
1.412593E+00 [ 0.60538977  0.17062966 -0.59580387  0.5045302   0.16576028 -0.65495921
  0.35584457  0.3855575  -0.64950135  0.10585188  0.57461269 -0.53363901
 -0.17258188  0.66366386 -0.32305591]
1.427603E+00 [ 0.61065382  0.13538198 -0.56598012  0.54101864  0.06975644 -0.61695996
  0.46039399  0.23819596 -0.65680578  0.29969171  0.41775445 -0.63591699
  0.1004424   0.55565457 -0.55004271]
1.442586E+00 [ 0.61576111  0.10100504 -0.53359255  0.56956385 -0.02435486 -0.56111304
  0.54128446  0.0820363  -0.61428096  0.45853549  0.21830113 -0.64616262
  0.34757978  0.34470481 -0.6473416 ]
1.457534E+00 [ 0.62071036  0.06753503 -0.49896437  0.59022583 -0.11477827 -0.49003353
  0.59627488 -0.0735147  -0.5276533   0.56946125  0.00111321 -0.56775063
  0.53026543  0.07590832 -0.60053111]
1.472439E+00 [ 0.62550066  0.03500369 -0.46241281  0.60315953 -0.19991673 -0.40662286
  0.62438704 -0.21973562 -0.40549048  0.62484372 -0.20868221 -0.41577104
  0.6228788  -0.19803    -0.42705474]
1.487294E+00 [ 0.63013147  0.00343845 -0.42424703  0.60860493 -0.27838959 -0.3139526
  0.62584003 -0.34903422 -0.25832407  0.622595   -0.38852548 -0.21398975
  0.61566401 -0.42714994 -0.16975011]
1.502091E+00 [ 0.63460261 -0.02713744 -0.38476634  0.60687681 -0.34904384 -0.2151541
  0.60193715 -0.45527941 -0.09771565  0.56586809 -0.52067612  0.00903645
  0.51484737 -0.57300822  0.11428498]
1.516822E+00 [ 0.6389142  -0.05670479 -0.34425866  0.59835429 -0.41095904 -0.11331725
  0.55491619 -0.53401397  0.06465572  0.46231478 -0.59369695  0.22406543
  0.3402728  -0.61445609  0.3665893 ]
1.531480E+00 [ 0.64306668 -0.08524829 -0.30299914  0.58347046 -0.46344651 -0.01140094
  0.48777428 -0.58254975  0.21781844  0.32302045 -0.60309842  0.40492618
  0.12122522 -0.54975403  0.53912802]
1.546056E+00 [ 0.64706077 -0.11275638 -0.26124913  0.56270212 -0.5060433   0.0878433
  0.40407823 -0.59995339  0.35219542  0.16125174 -0.55117579  0.53148154
 -0.10869786 -0.39510778  0.60273588]
1.560543E+00 [ 0.65089746 -0.13922105 -0.21925521  0.53655992 -0.53850193  0.1819332
  0.30777065 -0.58693685  0.46011999 -0.00884797 -0.44615722  0.59151871
 -0.31678166 -0.18033022  0.55096733]
1.574933E+00 [ 0.65457799 -0.16463771 -0.17724855  0.50557888 -0.56077629  0.26870288
  0.20298095 -0.54567033  0.53616486 -0.17349426 -0.30083921  0.58146699
 -0.47568748  0.05726847  0.3991972 ]
1.589218E+00 [ 0.65810382 -0.18900501 -0.13544439  0.47030952 -0.57300469  0.34633545
  0.09384884 -0.47953785  0.5772843  -0.32033078 -0.13091649  0.50600516
 -0.56668941  0.27951862  0.1797611 ]
1.603391E+00 [ 0.66147666 -0.21232464 -0.09404167  0.43130957 -0.57549071  0.41338164
 -0.01563346 -0.39285589  0.58278318 -0.43926231  0.04678439  0.37675005
 -0.58136344  0.45340776 -0.06543706]
1.617444E+00 [ 0.6646984  -0.23460119 -0.05322288  0.3891364  -0.56868249  0.46876552
 -0.12175597 -0.2905753   0.554137   -0.52301296  0.21597852  0.21030246
 -0.52170092  0.55560035 -0.29316391]
1.631369E+00 [ 0.66777114 -0.255842   -0.013154    0.34434014 -0.55315111  0.51177867
 -0.22119983 -0.1779844   0.49469419 -0.56739968  0.36235122  0.02596276
 -0.39884303  0.57495752 -0.46635715]
1.645159E+00 [ 0.67069716 -0.27605693  0.02601543  0.29745753 -0.52956865  0.54206438
 -0.31111889 -0.06042897  0.40929559 -0.57133672  0.47463695 -0.15657951
 -0.23079203  0.51294655 -0.55968032]
1.658805E+00 [ 0.67347891 -0.29525826  0.06415208  0.24900661 -0.4986865   0.55959346
 -0.38919421  0.05693845  0.30384665 -0.53660665  0.54529394 -0.31932084
 -0.03953803  0.38217268 -0.56245599]
1.672300E+00 [ 0.67611899 -0.31346052  0.10113857  0.19948203 -0.46131427  0.56463346
 -0.45366257  0.16937087  0.1848761  -0.46744743  0.57076752 -0.44758968
  0.15195136  0.20351405 -0.47886086]
1.685636E+00 [ 0.67862017 -0.33068031  0.13687305  0.14935123 -0.41829966  0.55771303
 -0.50332113  0.27269496  0.0591104  -0.37001206  0.55137541 -0.53114726
  0.3224839   0.00247094 -0.3257473 ]
1.698805E+00 [ 0.68098536 -0.34693615  0.17126872  0.09905122 -0.37050979  0.53958299
 -0.53751116  0.36343251 -0.06691151 -0.25175924  0.49087873 -0.56470581
  0.45483985 -0.19464431 -0.12878827]
1.711801E+00 [ 0.6832176  -0.36224837  0.20425334  0.04898615 -0.31881398  0.51117568
 -0.55608401  0.43887526 -0.18716548 -0.12082956  0.39582121 -0.54789558
  0.53723276 -0.36413091  0.08220206]
1.724614E+00 [ 6.85320061e-01 -3.76638928e-01  2.35768627e-01 -4.74604724e-04
 -2.64068359e-01  4.73564064e-01 -5.59353048e-01  4.97115876e-01
 -2.96399764e-01  1.45455419e-02  2.74727403e-01 -4.84765163e-01
  5.63973445e-01 -4.87536479e-01  2.77933612e-01]
1.737237E+00 [ 0.68729604 -0.3901313   0.26576957 -0.04899761 -0.20710224  0.42792156
 -0.54803506  0.53703953 -0.39031744  0.14656452  0.13724821 -0.38293486
  0.53538223 -0.55328265  0.43359996]
1.749662E+00 [ 0.68914893 -0.40275032  0.29422381 -0.09628611 -0.14870651  0.37548392
 -0.5231848   0.55828173 -0.46568389  0.26828014 -0.00666725 -0.25253774
  0.45707584 -0.55722971  0.53166853]
1.761883E+00 [ 0.69088227 -0.41452209  0.32111089 -0.14208013 -0.08962396  0.31751378
 -0.48612587  0.56115917 -0.52036377  0.37391241 -0.1475102  -0.10508208
  0.33880532 -0.50227895  0.56329469]
1.773890E+00 [ 0.69249967 -0.42547379  0.34642155 -0.18615626 -0.03054143  0.2552686
 -0.4383811   0.5465805  -0.55329572  0.45904579 -0.27681577  0.04764657
  0.19304172 -0.3972177   0.52839024]
1.785676E+00 [ 0.69400484 -0.43563362  0.37015696 -0.22832689  0.02791606  0.18997247
 -0.38160482  0.51594391 -0.56441544  0.52071498 -0.38760547  0.19454983
  0.03349904 -0.25507077  0.434563  ]
1.797234E+00 [ 0.69540159 -0.44503064  0.39232795 -0.26843916  0.08518954  0.12279205
 -0.31751939  0.47102791 -0.55453887  0.55739099 -0.47465999  0.32598285
 -0.12624329 -0.09123409  0.29526066]
1.808555E+00 [ 0.69669381 -0.45369469  0.41295427 -0.30637359  0.14078861  0.05481671
 -0.24785739  0.4138813  -0.52521801  0.56888397 -0.53462916  0.43428834
 -0.27389695  0.07835864  0.12749666]
1.819632E+00 [ 0.69788548 -0.46165622  0.43206381 -0.34204244  0.1942925  -0.01295699
 -0.17431102  0.34671707 -0.47858102  0.55618228 -0.56599761  0.51409134
 -0.39932448  0.23883775 -0.05048178]
1.830457E+00 [ 0.69898062 -0.46894622  0.4496918  -0.37538784  0.24534977 -0.07963677
 -0.09848916  0.27181436 -0.41716764  0.52124791 -0.5689327   0.5623711
 -0.49507158  0.37763467 -0.22128746]
1.841023E+00 [ 0.69998336 -0.47559614  0.46588013 -0.40637973  0.29367683 -0.14444218
 -0.02188271  0.19143137 -0.34376897  0.46678825 -0.54504565  0.57834299
 -0.55658055  0.48528917 -0.37004303]
1.851322E+00 [ 0.70089785 -0.48163769  0.48067653 -0.43501374  0.33905544 -0.20670858
  0.05416194  0.10773132 -0.2612792   0.39602164 -0.49709749  0.56319373
 -0.58212311  0.55582289 -0.48547893]
1.861345E+00 [ 0.70172832 -0.48710282  0.49413388 -0.46130892  0.38132936 -0.26588792
  0.12846145  0.02272245 -0.17256478  0.31245192 -0.42868004  0.51971758
 -0.57251104  0.58672371 -0.56046164]
1.871085E+00 [ 0.702479   -0.4920236   0.5063095  -0.48530538  0.4204003  -0.32154665
  0.20000675 -0.06178756 -0.08035466  0.21966336 -0.34389785  0.45189989
 -0.53065208  0.5786179  -0.59200663]
1.880535E+00 [ 0.70315421 -0.49643207  0.51726445 -0.50706199  0.45622333 -0.37336131
  0.26796753 -0.14422318  0.01284652  0.12114454 -0.2470723   0.36448996
 -0.46101948  0.53472383 -0.58087875]
1.889686E+00 [ 0.70375824 -0.50036021  0.52706284 -0.52665405  0.48880195 -0.42111214
  0.33169087 -0.22325963  0.10482199  0.02014583 -0.14248305  0.26259697
 -0.36909709  0.46018303 -0.5309076 ]
1.898532E+00 [ 0.70429543 -0.50383977  0.53577122 -0.54417095  0.51818281 -0.46467515
  0.390695   -0.29782971  0.19368407 -0.08042759 -0.03415664  0.15133433
 -0.26085085  0.36135605 -0.44814839]
1.907063E+00 [ 0.7047701  -0.50690222  0.54345794 -0.55971395  0.54445041 -0.50401305
  0.44465903 -0.36712065  0.27789494 -0.17808761  0.07429334  0.03552861
 -0.14226436  0.24515431 -0.34000606]
1.915273E+00 [ 0.70518657 -0.50957864  0.55019256 -0.573394    0.56772171 -0.53916551
  0.49340956 -0.43056264  0.35626972 -0.27080267  0.17977466 -0.08049946
 -0.01896199  0.11845954 -0.21441672]
1.923154E+00 [ 0.70554914 -0.51189961  0.5560453  -0.58532964  0.58814084 -0.57023887
  0.53690521 -0.48781086  0.42796464 -0.3570088   0.27977664 -0.19308133
  0.10406941 -0.01233791 -0.07915194]
1.930697E+00 [ 0.70586205 -0.51389512  0.56108646 -0.59564505  0.60587398 -0.5973959
  0.57521973 -0.53872287  0.49245367 -0.43559705  0.37238835 -0.29927948
  0.2226602  -0.14166905  0.0587169 ]
1.937896E+00 [ 0.70612953 -0.51559446  0.56538594 -0.60446817  0.62110445 -0.62084559
  0.60852445 -0.58333287  0.54949677 -0.50588235  0.45628208 -0.39690765
  0.3335473  -0.26498698  0.19318249]
1.944742E+00 [ 0.7063557  -0.51702615  0.56901276 -0.61192893  0.63402808 -0.64083334
  0.63707076 -0.62182436  0.59910245 -0.56755928  0.53067017 -0.4845037
  0.43438646 -0.37885165  0.31950187]
1.951227E+00 [ 0.70654462 -0.51821782  0.5720346  -0.61815767  0.6448489  -0.65763168
  0.66117301 -0.65450249  0.64148758 -0.62064923  0.59524318 -0.56126716
  0.52370415 -0.48091905  0.43425499]
1.957345E+00 [ 0.70670024 -0.51919611  0.57451733 -0.62328363  0.65377517 -0.67153165
  0.68119236 -0.68176706  0.67703641 -0.66544342  0.65009684 -0.62697307
  0.60080619 -0.5698583   0.53529134]
1.963086E+00 [ 0.7068264  -0.5199866   0.57652466 -0.62743356  0.6610158  -0.6828349
  0.69752177 -0.70408697  0.70626083 -0.70244526  0.69565402 -0.68187269
  0.66565939 -0.64522027  0.62159666]
1.968444E+00 [ 0.70692679 -0.52061365  0.57811772 -0.6307305   0.666777   -0.69184657
  0.71057244 -0.72197675  0.72976296 -0.73231486  0.73258696 -0.72659004
  0.7187604  -0.70727907  0.69311083]
1.973411E+00 [ 0.70700494 -0.5211004   0.5793547  -0.63329258  0.67125949 -0.69886898
  0.7207617  -0.73597551  0.74820122 -0.75581769  0.76174371 -0.7620211
  0.76100332 -0.75686468  0.75052352]
1.977979E+00 [ 0.70706422 -0.52146856  0.58029052 -0.63523206  0.6746558  -0.70419606
  0.72850239 -0.74662847  0.7622604  -0.77377875  0.78408149 -0.78924076
  0.79355464 -0.79520022  0.79506887]
1.982140E+00 [ 0.70710778 -0.5217384   0.58097648 -0.63665433  0.67714808 -0.70810862
  0.7341938  -0.7544711   0.77262587 -0.78704292  0.80060846 -0.80942066
  0.81774121 -0.82375368  0.82833441]
1.985886E+00 [ 0.70713855 -0.52192858  0.58145995 -0.63765707  0.67890606 -0.71087015
  0.73821398 -0.76001585  0.77996196 -0.79644166  0.8123347  -0.82375952
  0.83495437 -0.84410971  0.8520938 ]
1.989210E+00 [ 0.70715922 -0.52205608  0.5817841  -0.63832949  0.68008529 -0.71272334
  0.74091326 -0.76374108  0.78489426 -0.80276587  0.82023219 -0.83342614
  0.84657133 -0.85786391  0.86816791]
1.992103E+00 [ 0.70717223 -0.52213611  0.58198754 -0.63875154  0.68082562 -0.71388711
  0.74260892 -0.76608217  0.78799535 -0.80674418  0.82520312 -0.83951449
  0.85389319 -0.86653938  0.87831492]
1.994559E+00 [ 0.70717969 -0.52218195  0.58210407 -0.63899332  0.68124977 -0.71455395
  0.74358075 -0.76742423  0.78977359 -0.80902614  0.82805543 -0.84300931
  0.85809782 -0.87152358  0.88414736]
1.996570E+00 [ 0.70718342 -0.5222049   0.5821624  -0.63911434  0.68146209 -0.71488779
  0.74406732 -0.76809625  0.79066414 -0.81016915  0.8294844  -0.84476051
  0.86020516 -0.87402222  0.88707199]
1.998127E+00 [ 0.70718493 -0.52221412  0.58218583 -0.63916296  0.68154738 -0.7150219
  0.74426279 -0.76836623  0.79102194 -0.81062842  0.83005861 -0.84546427
  0.86105212 -0.87502655  0.88824769]
1.999223E+00 [ 0.70718532 -0.52221654  0.58219198 -0.63917571  0.68156975 -0.71505708
  0.74431406 -0.76843705  0.7911158  -0.8107489   0.83020925 -0.8456489
  0.86127432 -0.87529005  0.88855616]
1.999850E+00 [ 0.70718536 -0.52221673  0.58219247 -0.63917672  0.68157153 -0.71505987
  0.74431814 -0.76844268  0.79112326 -0.81075847  0.83022122 -0.84566357
  0.86129199 -0.875311    0.88858068]
2.000000E+00 [ 0.70718537 -0.5222168   0.58219263 -0.63917706  0.68157212 -0.7150608
  0.7443195  -0.76844456  0.79112575 -0.81076167  0.83022521 -0.84566846
  0.86129787 -0.87531798  0.88858885]
