r [m]	R_1(r) [∛(1/m)] 		R_2(r) [∛(1/m)] 		R_3(r) [∛(1/m)] 		R_4(r) [∛(1/m)] 		R_5(r) [∛(1/m)] 		R_6(r) [∛(1/m)] 		R_7(r) [∛(1/m)] 		R_8(r) [∛(1/m)] 		R_9(r) [∛(1/m)] 		R_10(r) [∛(1/m)] 		R_11(r) [∛(1/m)] 		R_12(r) [∛(1/m)] 		R_13(r) [∛(1/m)] 		R_14(r) [∛(1/m)] 		R_15(r) [∛(1/m)] 	
2.670000E-10 [ 1.99735799e+14  1.67747988e+15 -2.05556633e+15  2.14034546e+15
 -2.17789239e+15  2.21226812e+15 -2.29266576e+15  2.32245847e+15
  2.33857888e+15 -2.32472552e+15  2.30967714e+15 -2.29269333e+15
  2.26545129e+15  2.22297565e+15 -2.16928105e+15]
2.671441E-10 [ 1.99661811e+14  1.67921018e+15 -2.06312581e+15  2.15658326e+15
 -2.20503561e+15  2.25227007e+15 -2.35059831e+15  2.40117933e+15
  2.44133735e+15 -2.45382520e+15  2.46709121e+15 -2.48190505e+15
  2.48738496e+15  2.47882221e+15 -2.46087903e+15]
2.673412E-10 [ 1.99850715e+14  1.67476200e+15 -2.04371750e+15  2.11490497e+15
 -2.13537265e+15  2.14960995e+15 -2.20192600e+15  2.19916154e+15
  2.17763607e+15 -2.12253030e+15  2.06313730e+15 -1.99635592e+15
  1.91786496e+15  1.82227832e+15 -1.71259925e+15]
2.675901E-10 [ 2.00418784e+14  1.66137289e+15 -1.98560702e+15  1.99098803e+15
 -1.93002967e+15  1.84998317e+15 -1.77343734e+15  1.62568589e+15
  1.44212507e+15 -1.21684594e+15  9.83102119e+14 -7.29936418e+14
  4.72600335e+14  2.04882011e+14  7.26128618e+13]
2.678898E-10 [ 2.01474815e+14  1.63650482e+15 -1.87899589e+15  1.76750323e+15
 -1.56753571e+15  1.33411355e+15 -1.05927247e+15  7.07430224e+14
  3.19663546e+14  8.89361840e+13 -4.74764454e+14  8.52083717e+14
 -1.17507301e+15 -1.45197145e+15  1.68320765e+15]
2.682390E-10 [ 2.03109366e+14  1.59818045e+15 -1.71819789e+15  1.44076360e+15
 -1.05835371e+15  6.43636715e+14 -1.63821906e+14 -3.49712073e+14
 -8.37410292e+14  1.25310300e+15 -1.54454404e+15  1.72598442e+15
 -1.73924925e+15 -1.61757228e+15  1.38121472e+15]
2.686368E-10 [ 2.05387288e+14  1.54524403e+15 -1.50331212e+15  1.02529747e+15
 -4.52710059e+14 -1.10438511e+14  6.98370417e+14 -1.19233794e+15
 -1.51474588e+15  1.61032614e+15 -1.45946403e+15  1.11141674e+15
 -5.74432621e+14  3.69626926e+13 -6.38329059e+14]
2.690821E-10 [ 2.08342938e+14  1.47753258e+15 -1.24102698e+15  5.54424475e+14
  1.64038374e+14 -7.69182726e+14  1.26878789e+15 -1.47626536e+15
 -1.34591220e+15  8.99336426e+14 -2.39070047e+14 -4.80660642e+14
  1.11738127e+15  1.49571100e+15 -1.53265047e+15]
2.695736E-10 [ 2.11976827e+14  1.39595831e+15 -9.44340839e+14  7.58570604e+13
  6.90134743e+14 -1.17624703e+15  1.36061804e+15 -1.07981162e+15
 -4.31368482e+14 -3.71885407e+14  1.06322082e+15 -1.41546313e+15
  1.30010364e+15  7.33173740e+14  1.09848547e+14]
2.701104E-10 [ 2.16252516e+14  1.30251141e+15 -6.31179595e+14 -3.57157565e+14
  1.03565125e+15 -1.23864776e+15  9.63227813e+14 -2.21161647e+14
  6.41494290e+14 -1.21929388e+15  1.25131616e+15 -7.02817083e+14
 -1.90994423e+14 -1.01918689e+15  1.39642578e+15]
2.706913E-10 [ 2.21093250e+14  1.20018478e+15 -3.22067378e+14 -6.97129970e+14
  1.15028425e+15 -9.68159381e+14  2.64547992e+14  6.39573511e+14
  1.18491186e+15 -1.01484606e+15  2.39173353e+14  7.13977841e+14
 -1.23742053e+15 -9.91732942e+14  1.05695559e+14]
2.713152E-10 [ 2.26385406e+14  1.09267802e+15 -3.68052686e+13 -9.13303466e+14
  1.03929754e+15 -4.78703220e+14 -4.36574320e+14  1.07417066e+15
  9.16740580e+14 -4.55202316e+13 -8.60841056e+14  1.13568503e+15
 -4.93431619e+14  5.60725366e+14 -1.18249908e+15]
2.719810E-10 [ 2.31998236e+14  9.83757178e+14  2.09226458e+14 -9.97952121e+14
  7.58331641e+14  6.36662861e+13 -8.79817109e+14  9.35004772e+14
  1.28114023e+14  8.20249599e+14 -1.00161980e+15  2.42391315e+14
  7.92579330e+14  1.05592679e+15 -2.45500508e+14]
2.726876E-10 [ 2.37809022e+14  8.76612369e+14  4.07185329e+14 -9.64491248e+14
  3.89589924e+14  5.08134647e+14 -9.53284044e+14  3.89912966e+14
 -6.15032014e+14  9.55962257e+14 -2.27452510e+14 -7.71555257e+14
  9.04705115e+14 -3.70278765e+13  9.66311738e+14]
2.734339E-10 [ 2.43722412e+14  7.73481527e+14  5.54674440e+14 -8.39691931e+14
  1.42461878e+13  7.64725248e+14 -7.04686224e+14 -2.39663089e+14
 -9.00319047e+14  4.09033675e+14  6.21371907e+14 -8.51994529e+14
 -6.06632946e+13 -9.03220264e+14  4.97779462e+14]
2.742189E-10 [ 2.49683485e+14  6.75528498e+14  6.54148694e+14 -6.54583941e+14
 -3.06316011e+14  8.13075520e+14 -2.77210799e+14 -6.75522960e+14
 -6.69274858e+14 -3.20878723e+14  8.49784027e+14 -1.11649553e+14
 -8.04370311e+14 -4.68816292e+14 -6.19056014e+14]
2.750413E-10 [ 2.55662631e+14  5.83268233e+14  7.10476815e+14 -4.38332869e+14
 -5.35436302e+14  6.84576316e+14  1.68095070e+14 -7.87075872e+14
 -1.40343837e+14 -7.44484293e+14  4.10099033e+14  6.20871818e+14
 -5.87914372e+14  4.77164857e+14 -7.04264955e+14]
2.759001E-10 [ 2.61618341e+14  4.97229980e+14  7.29451478e+14 -2.16524301e+14
 -6.58440099e+14  4.40152417e+14  5.03687383e+14 -5.97205635e+14
  3.78427006e+14 -6.73927129e+14 -2.53244093e+14  7.26890940e+14
  1.84171697e+14  7.48671106e+14  1.49903796e+14]
2.767942E-10 [ 2.67475445e+14  4.18222313e+14  7.17600036e+14 -1.05008324e+13
 -6.79499389e+14  1.51214379e+14  6.62174961e+14 -2.33457970e+14
  6.57437983e+14 -2.48241336e+14 -6.50621114e+14  2.48714411e+14
  6.79165806e+14  1.89901723e+14  7.05520125e+14]
2.777226E-10 [ 2.73122972e+14  3.47249890e+14  6.82286050e+14  1.63875409e+14
 -6.17919926e+14 -1.17602129e+14  6.41830855e+14  1.45569112e+14
  6.31998463e+14  2.34625783e+14 -5.92055349e+14 -3.32063092e+14
  5.29207251e+14 -4.60766305e+14  3.97276821e+14]
2.786840E-10 [ 2.78444865e+14  2.85043109e+14  6.31324925e+14  2.98072925e+14
 -5.02046015e+14 -3.22924408e+14  4.91080621e+14  4.19940900e+14
  3.86152246e+14  5.32065452e+14 -2.22098511e+14 -5.99411148e+14
  9.37503481e+12 -5.93084227e+14 -2.47531407e+14]
2.796773E-10 [ 2.83357954e+14  2.31678794e+14  5.71887686e+14  3.91093359e+14
 -3.60723395e+14 -4.48138755e+14  2.77348882e+14  5.42079706e+14
  6.39638963e+13  5.68078949e+14  1.87974248e+14 -4.77409841e+14
 -4.18293088e+14 -2.40234794e+14 -5.51314535e+14]
2.807016E-10 [ 2.87820661e+14  1.86649555e+14  5.09679001e+14  4.47281470e+14
 -2.16998509e+14 -4.97910631e+14  5.95987983e+13  5.25973780e+14
 -2.14554714e+14  4.04480696e+14  4.44090804e+14 -1.42121005e+14
 -5.19130866e+14  2.10735473e+14 -3.70463564e+14]
2.817556E-10 [ 2.91830678e+14  1.49048520e+14  4.48635675e+14  4.73632556e+14
 -8.57425590e+13 -4.88441433e+14 -1.24541248e+14  4.16516841e+14
 -3.88734887e+14  1.54008851e+14  4.93516737e+14  1.89905262e+14
 -3.37882151e+14  4.56610502e+14  2.50040324e+13]
2.828384E-10 [ 2.95419360e+14  1.17748273e+14  3.91004042e+14  4.77582458e+14
  2.57604357e+13 -4.38777622e+14 -2.58848026e+14  2.62091682e+14
 -4.50659488e+14 -8.73751806e+13  3.82682901e+14  3.89767362e+14
 -4.28158175e+13  4.31376457e+14  3.35529362e+14]
2.839487E-10 [ 2.98642043e+14  9.15680356e+13  3.37677903e+14  4.65602149e+14
  1.15669994e+14 -3.65466827e+14 -3.41985349e+14  9.99664768e+13
 -4.21837826e+14 -2.65255772e+14  1.90832453e+14  4.29939068e+14
  2.16967410e+14  2.27201033e+14  4.28329718e+14]
2.850854E-10 [ 3.01554205e+14  6.95011495e+13  2.88850170e+14  4.42685216e+14
  1.84877217e+14 -2.80927798e+14 -3.79894086e+14 -4.61570057e+13
 -3.32809483e+14 -3.61240076e+14 -1.18922422e+13  3.44034019e+14
  3.63379096e+14 -2.55659961e+13  3.24015116e+14]
2.862475E-10 [ 3.04186308e+14  5.08703801e+13  2.44681049e+14  4.12728149e+14
  2.35117007e+14 -1.94428260e+14 -3.81232646e+14 -1.62839352e+14
 -2.13427088e+14 -3.79824529e+14 -1.77693650e+14  1.88699314e+14
  3.82820944e+14 -2.25796455e+14  1.17306837e+14]
2.874339E-10 [ 3.06542785e+14  3.52651468e+13  2.05471288e+14  3.79037391e+14
  2.68552180e+14 -1.13000030e+14 -3.55850431e+14 -2.44442584e+14
 -8.90770490e+13 -3.38930308e+14 -2.82818186e+14  1.99331125e+13
  3.04578040e+14 -3.24829944e+14 -9.03532923e+13]
2.886435E-10 [ 3.08626577e+14  2.23305728e+13  1.71330752e+14  3.44302171e+14
  2.87977586e+14 -4.11390037e+13 -3.13652366e+14 -2.92072905e+14
  2.24391178e+13 -2.61969349e+14 -3.25248260e+14 -1.22338376e+14
  1.75790906e+14 -3.23916045e+14 -2.33341585e+14]
2.898751E-10 [ 3.10459395e+14  1.16448079e+13  1.41912808e+14  3.10271043e+14
  2.96513064e+14  1.94592042e+13 -2.62836176e+14 -3.11259989e+14
  1.12279413e+14 -1.69931405e+14 -3.16737589e+14 -2.19797331e+14
  3.85154056e+13 -2.52716420e+14 -2.92083907e+14]
2.911277E-10 [ 3.12076756e+14  2.76923195e+12  1.16573363e+14  2.77815518e+14
  2.96977403e+14  6.90388140e+13 -2.09069454e+14 -3.08798385e+14
  1.78348489e+14 -7.75160373e+13 -2.73226413e+14 -2.70444549e+14
 -8.03637205e+13 -1.46121250e+14 -2.77644544e+14]
2.924001E-10 [ 3.13513141e+14 -4.66509559e+12  9.46641506e+13  2.47312811e+14
  2.91595060e+14  1.08621952e+14 -1.55956485e+14 -2.90861481e+14
  2.22030926e+14  6.37028638e+12 -2.09352959e+14 -2.80606842e+14
 -1.67822119e+14 -3.25607735e+13 -2.13222326e+14]
2.936913E-10 [ 3.14794759e+14 -1.09338138e+13  7.56669736e+13  2.18949857e+14
  2.82073496e+14  1.39387644e+14 -1.05794592e+14 -2.62586185e+14
  2.46186319e+14  7.68881033e+13 -1.36911710e+14 -2.59834114e+14
 -2.20390732e+14  6.86131868e+13 -1.23298061e+14]
2.950001E-10 [ 3.15940842e+14 -1.62419534e+13  5.91781487e+13  1.92819657e+14
  2.69739304e+14  1.62514593e+14 -5.99964405e+13 -2.28115309e+14
  2.54255615e+14  1.32039827e+14 -6.46453656e+13 -2.18226322e+14
 -2.40629048e+14  1.46601442e+14 -2.83977544e+13]
2.963255E-10 [ 3.16965484e+14 -2.07443563e+13  4.48806608e+13  1.68962047e+14
  2.55639524e+14  1.79129890e+14 -1.93534544e+13 -1.90713411e+14
  2.49778904e+14  1.71765101e+14  1.50691795e+12 -1.64983568e+14
 -2.34403864e+14  1.97467654e+14  5.69099164e+13]
2.976663E-10 [ 3.17880189e+14 -2.45649910e+13  3.25062099e+13  1.47358093e+14
  2.40595540e+14  1.90307102e+14  1.58314740e+13 -1.52846769e+14
  2.36111912e+14  1.97302597e+14  5.80554629e+13 -1.07632314e+14
 -2.08899855e+14  2.22198183e+14  1.24211970e+14]
2.990214E-10 [ 3.18697798e+14 -2.78176014e+13  2.17824446e+13  1.27871531e+14
  2.25187568e+14  1.97068175e+14  4.57188558e+13 -1.16152249e+14
  2.16162623e+14  2.10685751e+14  1.03625197e+14 -5.15476949e+13
 -1.71071845e+14  2.24759111e+14  1.70461295e+14]
3.003898E-10 [ 3.19433540e+14 -3.06106083e+13  1.24242502e+13  1.10246990e+14
  2.09747185e+14  2.00316205e+14  7.08047036e+13 -8.14963171e+13
  1.92167544e+14  2.14163477e+14  1.38336922e+14  2.72402021e+10
 -1.26583862e+14  2.10154474e+14  1.96262160e+14]
3.017703E-10 [ 3.20101019e+14 -3.30328181e+13  4.18790781e+12  9.42255960e+13
  1.94460115e+14  2.00769427e+14  9.16420126e+13 -4.93076042e+13
  1.65765505e+14  2.09768927e+14  1.62972908e+14  4.52902919e+13
 -7.96945342e+13  1.83192176e+14  2.03972352e+14]
3.031618E-10 [ 3.20709106e+14 -3.51457871e+13 -3.09498836e+12  7.96353029e+13
  1.79487730e+14  1.98992356e+14  1.08682121e+14 -1.98855426e+13
  1.38257463e+14  1.99276294e+14  1.78519391e+14  8.32192977e+13
 -3.36720604e+13  1.48223366e+14  1.96705854e+14]
3.045633E-10 [ 3.21263779e+14 -3.69943849e+13 -9.54692595e+12  6.63560229e+13
  1.64973969e+14  1.95455603e+14  1.22325846e+14  6.58113639e+12
  1.10690530e+14  1.84267955e+14  1.86121573e+14  1.13416258e+14
  9.07405446e+12  1.09057271e+14  1.77944960e+14]
3.059736E-10 [ 3.21771372e+14 -3.86196315e+13 -1.52855369e+13  5.42474785e+13
  1.50986639e+14  1.90543780e+14  1.32993456e+14  3.01038797e+13
  8.37820980e+13  1.66072201e+14  1.87025454e+14  1.36077493e+14
  4.70657155e+13  6.86977988e+13  1.51082655e+14]
3.073916E-10 [ 3.22239089e+14 -4.00606691e+13 -2.04290528e+13  4.31414752e+13
  1.37510356e+14  1.84543966e+14  1.41098843e+14  5.08572711e+13
  5.79341620e+13  1.45700976e+14  1.82408912e+14  1.51766303e+14
  7.95971123e+13  2.92721548e+13  1.19027770e+14]
3.088162E-10 [ 3.22673574e+14 -4.13507197e+13 -2.50805572e+13  3.28795271e+13
  1.24495190e+14  1.77662447e+14  1.46997338e+14  6.90605959e+13
  3.33657951e+13  1.23909011e+14  1.73286168e+14  1.61156244e+14
  1.06409703e+14 -7.74764762e+12  8.41477949e+13]
3.102464E-10 [ 3.23080140e+14 -4.25157200e+13 -2.93214334e+13  2.33330363e+13
  1.11892021e+14  1.70053136e+14  1.50975028e+14  8.49131699e+13
  1.02160375e+13  1.01285063e+14  1.60518658e+14  1.64919528e+14
  1.27479135e+14 -4.13202998e+13  4.83735801e+13]
3.116809E-10 [ 3.23462647e+14 -4.35749532e+13 -3.32121995e+13  1.44069617e+13
  9.96681414e+13  1.61840685e+14  1.53260054e+14  9.85759238e+13
 -1.14034456e+13  7.83198050e+13  1.44856899e+14  1.63702900e+14
  1.42916173e+14 -7.06965973e+13  1.33028687e+13]
3.131188E-10 [ 3.23823563e+14 -4.45420848e+13 -3.67951334e+13  6.03852252e+12
  8.78152693e+13  1.53139471e+14  1.54040606e+14  1.10172780e+14
 -3.13825954e+13  5.54540247e+13  1.26987610e+14  1.58142665e+14
  1.52932657e+14 -9.53458598e+13 -1.97257534e+13]
3.145588E-10 [ 3.24164811e+14 -4.54280839e+13 -4.01042356e+13 -1.82256412e+12
  7.63290307e+13  1.44049227e+14  1.53482812e+14  1.19822488e+14
 -4.96440827e+13  3.30599738e+13  1.07531297e+14  1.48873597e+14
  1.57854971e+14 -1.14974173e+14 -4.96644704e+13]
3.160000E-10 [ 3.24488635e+14 -4.62437279e+13 -4.31742018e+13 -9.23396251e+12
  6.51824856e+13  1.34636658e+14  1.51731554e+14  1.27658234e+14
 -6.61765087e+13  1.14004299e+13  8.69993011e+13  1.36490195e+14
  1.58096646e+14 -1.29521884e+14 -7.57954810e+13]
3.174412E-10 [ 3.24797398e+14 -4.69990941e+13 -4.60383661e+13 -1.62554278e+13
  5.43339658e+13  1.24940087e+14  1.48905050e+14  1.33809117e+14
 -8.10061108e+13 -9.34416438e+12  6.58023824e+13  1.21521406e+14
  1.54095392e+14 -1.39076585e+14 -9.76529406e+13]
3.188812E-10 [ 3.25092907e+14 -4.77020577e+13 -4.87227712e+13 -2.29334113e+13
  4.37523054e+13  1.14993097e+14  1.45101347e+14  1.38381419e+14
 -9.41520694e+13 -2.90142392e+13  4.43080540e+13  1.04457965e+14
  1.46293039e+14 -1.43802552e+14 -1.14920939e+14]
3.203191E-10 [ 3.25376473e+14 -4.83586865e+13 -5.12473492e+13 -2.93025720e+13
  3.34176109e+13  1.04829771e+14  1.40406431e+14  1.41465516e+14
 -1.05627127e+14 -4.74624565e+13  2.28566930e+13  8.57690023e+13
  1.35144534e+14 -1.43936820e+14 -1.27418302e+14]
3.217536E-10 [ 3.25649616e+14 -4.89750338e+13 -5.36326103e+13 -3.54017857e+13
  2.32971344e+13  9.44634394e+13  1.34887307e+14  1.43146279e+14
 -1.15463942e+14 -6.45914683e+13  1.71973333e+12  6.58647074e+13
  1.21091107e+14 -1.39779198e+14 -1.35111454e+14]
3.231838E-10 [ 3.25914243e+14 -4.95575146e+13 -5.59010765e+13 -4.12778378e+13
  1.33386749e+13  8.38783295e+13  1.28583707e+14  1.43495188e+14
 -1.23708898e+14 -8.03521489e+13 -1.89073944e+13  4.50762698e+13
  1.04525016e+14 -1.31644840e+14 -1.38065485e+14]
3.246084E-10 [ 3.26171882e+14 -5.01112330e+13 -5.80707237e+13 -4.69683521e+13
  3.49937584e+12  7.30592383e+13  1.21523074e+14  1.42562243e+14
 -1.30387005e+14 -9.46842408e+13 -3.88341716e+13  2.37181413e+13
  8.58241686e+13 -1.19856221e+14 -1.36389932e+14]
3.260264E-10 [ 3.26423178e+14 -5.06390575e+13 -6.01511603e+13 -5.24908195e+13
 -6.23301059e+12  6.20184963e+13  1.13743142e+14  1.40387361e+14
 -1.35495252e+14 -1.07487492e+14 -5.78253098e+13  2.14959865e+12
  6.54140950e+13 -1.04791698e+14 -1.30261737e+14]
3.274367E-10 [ 3.26668382e+14 -5.11428516e+13 -6.21482665e+13 -5.78538534e+13
 -1.58572356e+13  5.07811317e+13  1.05288434e+14  1.37011448e+14
 -1.39027781e+14 -1.18656868e+14 -7.56379158e+13 -1.92541929e+13
  4.37549550e+13 -8.68943140e+13 -1.19957730e+14]
3.288382E-10 [ 3.26907940e+14 -5.16247274e+13 -6.40690964e+13 -6.30700373e+13
 -2.53808535e+13  3.93599867e+13  9.61930988e+13  1.32471940e+14
 -1.40987563e+14 -1.28111312e+14 -9.20645992e+13 -4.01526774e+13
  2.12909174e+13 -6.66303647e+13 -1.05832455e+14]
3.302297E-10 [ 3.27142453e+14 -5.20869531e+13 -6.59215236e+13 -6.81550832e+13
 -3.48191270e+13  2.77560352e+13  8.64792680e+13  1.26798392e+14
 -1.41379209e+14 -1.35784858e+14 -1.06925602e+14 -6.02368691e+13
 -1.55503005e+12 -4.44740411e+13 -8.82941031e+13]
3.316102E-10 [ 3.27372414e+14 -5.25314349e+13 -6.77121556e+13 -7.31220839e+13
 -4.41844046e+13  1.59711671e+13  7.61670039e+13  1.20016637e+14
 -1.40204777e+14 -1.41612932e+14 -1.20046970e+14 -7.92038151e+13
 -2.43569151e+13 -2.09246122e+13 -6.78105287e+13]
3.329786E-10 [ 3.27598227e+14 -5.29597836e+13 -6.94465567e+13 -7.79819227e+13
 -5.34863953e+13  4.00857803e+12  6.52755626e+13  1.12150748e+14
 -1.37465932e+14 -1.45534162e+14 -1.31261626e+14 -9.67569661e+13
 -4.66859314e+13  3.49396570e+12 -4.49087682e+13]
3.343337E-10 [ 3.27820500e+14 -5.33738891e+13 -7.11315525e+13 -8.27496346e+13
 -6.27441489e+13 -8.14241299e+12  5.38097189e+13  1.03213125e+14
 -1.33160138e+14 -1.47494463e+14 -1.40422389e+14 -1.12627699e+14
 -6.81395150e+13  2.82671751e+13 -2.01404490e+13]
3.356745E-10 [ 3.28040106e+14 -5.37760146e+13 -7.27756330e+13 -8.74456847e+13
 -7.19889993e+13 -2.05112055e+13  4.17534124e+13  9.31964294e+13
 -1.27271235e+14 -1.47436971e+14 -1.47393094e+14 -1.26570285e+14
 -8.83428283e+13  5.29002415e+13  5.93805903e+12]
3.369999E-10 [ 3.28257607e+14 -5.41677261e+13 -7.43845802e+13 -9.20835270e+13
 -8.12402795e+13 -3.31139454e+13  2.90998400e+13  8.20965716e+13
 -1.19779249e+14 -1.45293871e+14 -1.52019838e+14 -1.38314411e+14
 -1.06886436e+14  7.68481929e+13  3.26980338e+13]
3.383087E-10 [ 3.28472730e+14 -5.45490191e+13 -7.59577958e+13 -9.66585593e+13
 -9.04820372e+13 -4.59196142e+13  1.58888457e+13  6.99503920e+13
 -1.10693120e+14 -1.41009043e+14 -1.54137771e+14 -1.47551854e+14
 -1.23290666e+14  9.94582961e+13  5.93626077e+13]
3.395999E-10 [ 3.28684808e+14 -5.49192022e+13 -7.74918353e+13 -1.01157778e+14
 -9.96807842e+13 -5.88714255e+13  2.18996612e+12  5.68279201e+13
 -1.00056929e+14 -1.34561848e+14 -1.53613411e+14 -1.53994060e+14
 -1.37074129e+14  1.20042000e+14  8.50712847e+13]
3.408723E-10 [ 3.28893662e+14 -5.52784418e+13 -7.89867927e+13 -1.05578411e+14
 -1.08823311e+14 -7.19395315e+13 -1.19523859e+13  4.27814647e+13
 -8.79113922e+13 -1.25948967e+14 -1.50354775e+14 -1.57415251e+14
 -1.47832014e+14  1.37986131e+14  1.09015326e+14]
3.421249E-10 [ 3.29099759e+14 -5.56279824e+13 -8.04472915e+13 -1.09931264e+14
 -1.17924828e+14 -8.51348993e+13 -2.65375331e+13  2.78217481e+13
 -7.42655688e+13 -1.15153046e+14 -1.44280675e+14 -1.57628093e+14
 -1.55223546e+14  1.52757890e+14  1.30465036e+14]
3.433565E-10 [ 3.29303500e+14 -5.59688847e+13 -8.18772614e+13 -1.14225459e+14
 -1.26997938e+14 -9.84660479e+13 -4.15635631e+13  1.19596142e+13
 -5.91284237e+13 -1.02158026e+14 -1.35314244e+14 -1.54452969e+14
 -1.58917223e+14  1.63829957e+14  1.48682753e+14]
3.445661E-10 [ 3.29504660e+14 -5.63011244e+13 -8.32761174e+13 -1.18456740e+14
 -1.36027337e+14 -1.11900803e+14 -5.69825890e+13 -4.74438947e+12
 -4.25594072e+13 -8.69972581e+13 -1.23423199e+14 -1.47744718e+14
 -1.58600625e+14  1.70671302e+14  1.62893875e+14]
3.457525E-10 [ 3.29702511e+14 -5.66238504e+13 -8.46397782e+13 -1.22610153e+14
 -1.44974387e+14 -1.25371004e+14 -7.27027365e+13 -2.21769739e+13
 -2.46789972e+13 -6.97741780e+13 -1.08652383e+14 -1.37436919e+14
 -1.54036776e+14  1.72814489e+14  1.72361120e+14]
3.469146E-10 [ 3.29896160e+14 -5.69359640e+13 -8.59630776e+13 -1.26667175e+14
 -1.53791830e+14 -1.38793424e+14 -8.86105174e+13 -4.01936831e+13
 -5.65148216e+12 -5.06532425e+13 -9.11273930e+13 -1.23562218e+14
 -1.45104999e+14  1.69919799e+14  1.76471869e+14]
3.480513E-10 [ 3.30084716e+14 -5.72363969e+13 -8.72409404e+13 -1.30609302e+14
 -1.62431528e+14 -1.52081427e+14 -1.04584367e+14 -5.86336362e+13
  1.43294252e+13 -2.98477762e+13 -7.10476550e+13 -1.06254288e+14
 -1.31815768e+14  1.61807231e+14  1.74790754e+14]
3.491616E-10 [ 3.30267319e+14 -5.75241540e+13 -8.84685748e+13 -1.34418696e+14
 -1.70846035e+14 -1.65147646e+14 -1.20498233e+14 -7.73240992e+13
  3.50458684e+13 -7.61457845e+12 -4.86823406e+13 -8.57473336e+13
 -1.14316885e+14  1.48473380e+14  1.67091479e+14]
3.502444E-10 [ 3.30443164e+14 -5.77983434e+13 -8.96416137e+13 -1.38078692e+14
 -1.78989902e+14 -1.77906364e+14 -1.36225022e+14 -9.60852905e+13
  5.62620401e+13  1.57534964e+13 -2.43626608e+13 -6.23700145e+13
 -9.28916796e+13  1.30097663e+14  1.53375694e+14]
3.512984E-10 [ 3.30611508e+14 -5.80581828e+13 -9.07561533e+13 -1.41573987e+14
 -1.86820317e+14 -1.90274916e+14 -1.51638997e+14 -1.14734205e+14
  7.77297589e+13  3.99351272e+13  1.52735682e+12 -3.65359024e+13
 -6.79510467e+13  1.07039052e+14  1.33878805e+14]
3.523227E-10 [ 3.30771668e+14 -5.83029921e+13 -9.18087335e+13 -1.44890646e+14
 -1.94297323e+14 -2.02174442e+14 -1.66617388e+14 -1.33087613e+14
  9.91933811e+13  6.45879233e+13  2.85608641e+13 -8.73159199e+12
 -4.00207882e+13  7.98248847e+13  1.09064044e+14]
3.533160E-10 [ 3.30923024e+14 -5.85321897e+13 -9.27963330e+13 -1.48016152e+14
 -2.01384119e+14 -2.13530744e+14 -1.81042143e+14 -1.50965280e+14
  1.20395114e+14  8.93566525e+13  5.62798202e+13  2.04981094e+13
 -9.72398393e+12  4.91317704e+13  7.96049039e+13]
3.542774E-10 [ 3.31065013e+14 -5.87452840e+13 -9.37163411e+13 -1.50939366e+14
 -2.08047153e+14 -2.24274807e+14 -1.94801246e+14 -1.68192671e+14
  1.41079863e+14  1.13881234e+14  8.42069890e+13  5.05664957e+13
  2.22400432e+13  1.57601883e+13  4.63573884e+13]
3.552058E-10 [ 3.31197047e+14 -5.89417431e+13 -9.45660026e+13 -1.53648815e+14
 -2.14252362e+14 -2.34337036e+14 -2.07781912e+14 -1.84593428e+14
  1.60987740e+14  1.37790174e+14  1.11841619e+14  8.08443269e+13
  5.50999373e+13 -1.93753573e+13  1.03446465e+13]
3.560999E-10 [ 3.31318458e+14 -5.91209139e+13 -9.53420714e+13 -1.56131599e+14
 -2.19962723e+14 -2.43643443e+14 -2.19865973e+14 -1.99984104e+14
  1.79848650e+14  1.60695622e+14  1.38656016e+14  1.10659141e+14
  8.80155035e+13 -5.52544292e+13 -2.72564272e+13]
3.569587E-10 [ 3.31428584e+14 -5.92821556e+13 -9.60413903e+13 -1.58375258e+14
 -2.25142622e+14 -2.52122900e+14 -2.30939588e+14 -2.14187116e+14
  1.97399167e+14  1.82215507e+14  1.64123889e+14  1.39330149e+14
  1.20120743e+14 -9.08032111e+13 -6.51768976e+13]
3.577811E-10 [ 3.31526941e+14 -5.94250847e+13 -9.66619622e+13 -1.60371258e+14
 -2.29766020e+14 -2.59720814e+14 -2.40911681e+14 -2.27055383e+14
  2.13414597e+14  2.02015381e+14  1.87773559e+14  1.66233201e+14
  1.50603409e+14 -1.24991271e+14 -1.02169583e+14]
3.585661E-10 [ 3.31613399e+14 -5.95498242e+13 -9.72040390e+13 -1.62118553e+14
 -2.33824933e+14 -2.66413492e+14 -2.49733586e+14 -2.38499038e+14
  2.27744382e+14  2.19855528e+14  2.09249020e+14  1.90876819e+14
  1.78800051e+14 -1.56949575e+14 -1.37150918e+14]
3.593124E-10 [ 3.31688210e+14 -5.96570240e+13 -9.76702202e+13 -1.63623967e+14
 -2.37330524e+14 -2.72210384e+14 -2.57402800e+14 -2.48491670e+14
  2.40322105e+14  2.35606777e+14  2.28333874e+14  2.12936426e+14
  2.04244406e+14 -1.86037332e+14 -1.69289246e+14]
3.600190E-10 [ 3.31751909e+14 -5.97477133e+13 -9.80648102e+13 -1.64900151e+14
 -2.40308439e+14 -2.77146600e+14 -2.63953533e+14 -2.57058801e+14
  2.51152328e+14  2.49236220e+14  2.44937321e+14  2.32242875e+14
  2.26660882e+14 -2.11843501e+14 -1.98018127e+14]
3.606848E-10 [ 3.31805225e+14 -5.98231582e+13 -9.83931938e+13 -1.65963548e+14
 -2.42794065e+14 -2.81275052e+14 -2.69446336e+14 -2.64264523e+14
  2.60294132e+14  2.60787321e+14  2.59071385e+14  2.48758289e+14
  2.45940058e+14 -2.34163655e+14 -2.23017527e+14]
3.613087E-10 [ 3.31848996e+14 -5.98847418e+13 -9.86613077e+13 -1.66832654e+14
 -2.44828374e+14 -2.84659422e+14 -2.73958560e+14 -2.70198746e+14
  2.67844721e+14  2.70359083e+14  2.70825519e+14  2.62546868e+14
  2.62105716e+14 -2.52963758e+14 -2.44176340e+14]
3.618896E-10 [ 3.31884130e+14 -5.99339081e+13 -9.88753857e+13 -1.67527150e+14
 -2.46455775e+14 -2.87370380e+14 -2.77578989e+14 -2.74969688e+14
  2.73929278e+14  2.78092484e+14  2.80349196e+14  2.73753766e+14
  2.75289554e+14 -2.68350555e+14 -2.61559395e+14]
3.624264E-10 [ 3.31911590e+14 -5.99721447e+13 -9.90418776e+13 -1.68067595e+14
 -2.47723280e+14 -2.89483967e+14 -2.80405319e+14 -2.78700016e+14
  2.78695329e+14  2.84162374e+14  2.87840816e+14  2.82590771e+14
  2.85712988e+14 -2.80548975e+14 -2.75380722e+14]
3.629179E-10 [ 3.31932382e+14 -6.00009628e+13 -9.91673513e+13 -1.68475069e+14
 -2.48679548e+14 -2.91079790e+14 -2.82541394e+14 -2.81522665e+14
  2.82306652e+14  2.88768717e+14  2.93535619e+14  2.89320548e+14
  2.93666799e+14 -2.89876344e+14 -2.85972250e+14]
3.633632E-10 [ 3.31947528e+14 -6.00218681e+13 -9.92583615e+13 -1.68770712e+14
 -2.49373692e+14 -2.92238833e+14 -2.84093944e+14 -2.83576024e+14
  2.84936396e+14  2.92126813e+14  2.97692319e+14  2.94239248e+14
  2.99488658e+14 -2.96713779e+14 -2.93748805e+14]
3.637610E-10 [ 3.31958044e+14 -6.00363277e+13 -9.93213002e+13 -1.68975205e+14
 -2.49853976e+14 -2.93041100e+14 -2.85169133e+14 -2.84998911e+14
  2.86759992e+14  2.94457332e+14  3.00579560e+14  2.97658976e+14
  3.03540488e+14 -3.01477363e+14 -2.99172732e+14]
3.641102E-10 [ 3.31964908e+14 -6.00457345e+13 -9.93622379e+13 -1.69108228e+14
 -2.50166467e+14 -2.93563219e+14 -2.85869106e+14 -2.85925620e+14
  2.87948244e+14  2.95976697e+14  3.02462957e+14  2.99891114e+14
  3.06187038e+14 -3.04590942e+14 -3.02720559e+14]
3.644099E-10 [ 3.31969034e+14 -6.00513717e+13 -9.93867654e+13 -1.69187931e+14
 -2.50353723e+14 -2.93876140e+14 -2.86288706e+14 -2.86481277e+14
  2.88660934e+14  2.96888279e+14  3.03593353e+14  3.01231335e+14
  3.07776767e+14 -3.06461985e+14 -3.04853531e+14]
3.646588E-10 [ 3.31971241e+14 -6.00543792e+13 -9.93998485e+13 -1.69230445e+14
 -2.50453612e+14 -2.94043078e+14 -2.86512580e+14 -2.86777783e+14
  2.89041298e+14  2.97374882e+14  3.04196879e+14  3.01947042e+14
  3.08625923e+14 -3.07461631e+14 -3.05993409e+14]
3.648559E-10 [ 3.31972229e+14 -6.00557241e+13 -9.94056984e+13 -1.69249454e+14
 -2.50498276e+14 -2.94117724e+14 -2.86612690e+14 -2.86910382e+14
  2.89211411e+14  2.97592528e+14  3.04466848e+14  3.02267224e+14
  3.09005851e+14 -3.07908936e+14 -3.06503526e+14]
3.650000E-10 [ 3.31972561e+14 -6.00561742e+13 -9.94076557e+13 -1.69255814e+14
 -2.50513219e+14 -2.94142698e+14 -2.86646184e+14 -2.86954746e+14
  2.89268329e+14  2.97665352e+14  3.04557182e+14  3.02374364e+14
  3.09132990e+14 -3.08058626e+14 -3.06674242e+14]
