2.44719E-10	0.0001533
2.51245E-10	0.0008800
2.5777E-10	0.0059700
2.64296E-10	0.0335933
2.70822E-10	0.1487400
2.77348E-10	0.5298700
2.83874E-10	1.4416567
2.904E-10	3.0229833
2.96925E-10	4.8826367
3.03451E-10	6.1045367
3.09977E-10	5.9846900
3.16503E-10	4.6760933
3.23029E-10	3.0114967
3.29555E-10	1.6724200
3.3608E-10	0.8505167
3.42606E-10	0.4352400
3.49132E-10	0.2421300
3.55658E-10	0.1633267
3.62184E-10	0.1325633
3.6871E-10	0.1207533
3.75235E-10	0.1196233
3.81761E-10	0.1213967
3.88287E-10	0.1276333
3.94813E-10	0.1444567
4.01339E-10	0.1700700
4.07865E-10	0.2046367
4.1439E-10	0.2527767
4.20916E-10	0.3202000
4.27442E-10	0.4025300
4.33968E-10	0.4944700
4.40494E-10	0.5983533
4.4702E-10	0.7117767
4.53545E-10	0.8279433
4.60071E-10	0.9432100
4.66597E-10	1.0623433
4.73123E-10	1.1723133
4.79649E-10	1.2911100
4.86175E-10	1.4006767
4.927E-10	1.5014600
4.99226E-10	1.6011800
5.05752E-10	1.6772100
5.12278E-10	1.7264733
5.18804E-10	1.7408267
5.2533E-10	1.7277067
5.31855E-10	1.6716733
5.38381E-10	1.5781867
5.44907E-10	1.4633400
5.51433E-10	1.3296200
5.57959E-10	1.2006067
5.64485E-10	1.0755200
5.7101E-10	0.9745833
5.77536E-10	0.8903000
5.84062E-10	0.8287600
5.90588E-10	0.7880800
5.97114E-10	0.7600133
6.0364E-10	0.7464867
6.10165E-10	0.7429967
6.16691E-10	0.7485800
6.23217E-10	0.7583767
6.29743E-10	0.7736967
6.36269E-10	0.7937067
6.42795E-10	0.8174167
6.4932E-10	0.8403700
6.55846E-10	0.8663233
6.62372E-10	0.8928067
6.68898E-10	0.9214167
6.75424E-10	0.9512133
6.8195E-10	0.9799167
6.88475E-10	1.0081067
6.95001E-10	1.0337767
7.01527E-10	1.0589867
7.08053E-10	1.0789033
7.14579E-10	1.0973167
7.21105E-10	1.1114467
7.2763E-10	1.1202100
7.34156E-10	1.1269667
7.40682E-10	1.1264600
7.47208E-10	1.1220333
7.53734E-10	1.1132867
7.6026E-10	1.0981300
7.66785E-10	1.0818067
7.73311E-10	1.0616633
7.79837E-10	1.0407433
7.86363E-10	1.0216633
7.92889E-10	1.0029067
7.99415E-10	0.9835733
8.0594E-10	0.9686167
8.12466E-10	0.9586000
8.18992E-10	0.9523433
8.25518E-10	0.9483800
8.32044E-10	0.9462200
8.3857E-10	0.9458400
8.45095E-10	0.9491467
8.51621E-10	0.9557167
8.58147E-10	0.9640333
8.64673E-10	0.9709433
8.71199E-10	0.9780333
8.77725E-10	0.9844567
8.8425E-10	0.9925400
8.90776E-10	1.0019100
8.97302E-10	1.0074600
9.03828E-10	1.0133567
9.10354E-10	1.0183267
9.1688E-10	1.0223567
9.23405E-10	1.0260067
9.29931E-10	1.0293933
9.36457E-10	1.0312000
9.42983E-10	1.0317433
9.49509E-10	1.0288167
9.56035E-10	1.0283000
9.6256E-10	1.0237800
9.69086E-10	1.0220233
9.75612E-10	1.0174500
9.82138E-10	1.0123367
9.88664E-10	1.0055300
9.9519E-10	1.0030233
1.00172E-09	0.9979600
1.00824E-09	0.9920700
1.01477E-09	0.9890167
1.02129E-09	0.9865133
1.02782E-09	0.9844067
1.03435E-09	0.9833867
1.04087E-09	0.9831367
1.0474E-09	0.9832000
1.05392E-09	0.9825633
1.06045E-09	0.9827667
1.06697E-09	0.9847267
1.0735E-09	0.9896967
1.08003E-09	0.9912333
1.08655E-09	0.9916933
1.09308E-09	0.9962200
1.0996E-09	0.9986933
1.10613E-09	1.0006600
1.11266E-09	1.0027267
1.11918E-09	1.0058100
1.12571E-09	1.0079533
1.13223E-09	1.0086567
1.13876E-09	1.0095167
1.14528E-09	1.0101933
1.15181E-09	1.0092167
1.15834E-09	1.0104067
1.16486E-09	1.0087667
1.17139E-09	1.0083467
1.17791E-09	1.0075533
1.18444E-09	1.0058500
1.19097E-09	1.0051433
1.19749E-09	1.0032167
1.20402E-09	1.0018200
1.21054E-09	1.0009967
1.21707E-09	0.9990600
1.22359E-09	0.9969900
1.23012E-09	0.9962033
1.23665E-09	0.9943900
1.24317E-09	0.9946467
1.2497E-09	0.9928067
1.25622E-09	0.9953800
1.26275E-09	0.9952767
1.26928E-09	0.9940233
1.2758E-09	0.9942933
1.28233E-09	0.9947700
1.28885E-09	0.9969867
1.29538E-09	0.9967733
1.3019E-09	0.9968400
1.30843E-09	0.9994167
1.31496E-09	0.9999200
1.32148E-09	1.0007767
1.32801E-09	1.0003900
1.33453E-09	1.0001500
1.34106E-09	1.0013067
1.34759E-09	1.0028467
1.35411E-09	1.0039033
1.36064E-09	1.0021767
1.36716E-09	1.0018100
1.37369E-09	1.0036067
1.38021E-09	1.0026133
1.38674E-09	1.0025767
1.39327E-09	1.0020067
1.39979E-09	1.0014100
1.40632E-09	1.0010633
1.41284E-09	0.9998567
1.41937E-09	0.9998133
1.4259E-09	0.9987733
1.43242E-09	0.9998867
1.43895E-09	0.9990600
1.44547E-09	0.9987733
1.452E-09	0.9986167
1.45852E-09	0.9984900
1.46505E-09	0.9981000
1.47158E-09	0.9979600
1.4781E-09	0.9978300
1.48463E-09	0.9979900
1.49115E-09	0.9980067
1.49768E-09	0.9979667
1.50421E-09	0.9984033
1.51073E-09	0.9992567
1.51726E-09	0.9992700
1.52378E-09	0.9991767
1.53031E-09	0.9995533
1.53683E-09	0.9987000
1.54336E-09	0.9994367
1.54989E-09	0.9994533
1.55641E-09	0.9997800
1.56294E-09	1.0000467
1.56946E-09	1.0001533
1.57599E-09	0.9993933
1.58252E-09	0.9991067
1.58904E-09	1.0001900
1.59557E-09	1.0002367
1.60209E-09	0.9993933
1.60862E-09	0.9999967
1.61514E-09	0.9993967
1.62167E-09	0.9995500
1.6282E-09	0.9990100
1.63472E-09	0.9989933
1.64125E-09	0.9991300
1.64777E-09	0.9995333
1.6543E-09	0.9990167
1.66083E-09	0.9988933
1.66735E-09	0.9991300
1.67388E-09	0.9996800
1.6804E-09	0.9987500
1.68693E-09	0.9990467
1.69345E-09	0.9987067
1.69998E-09	0.9985167
1.70651E-09	0.9997767
1.71303E-09	0.9989333
1.71956E-09	0.9989100
1.72608E-09	0.9993233
1.73261E-09	0.9988767
1.73914E-09	0.9992600
1.74566E-09	0.9988667
1.75219E-09	0.9983767
1.75871E-09	0.9994400
1.76524E-09	0.9987100
1.77176E-09	0.9989200
1.77829E-09	0.9994133
1.78482E-09	0.9988900
1.79134E-09	0.9990800
1.79787E-09	0.9992467
1.80439E-09	0.9997233
1.81092E-09	0.9987933
1.81745E-09	0.9990567
1.82397E-09	1.0001333
1.8305E-09	0.9992567
1.83702E-09	0.9986700
1.84355E-09	0.9992767
1.85007E-09	0.9994333
1.8566E-09	0.9985900
1.86313E-09	0.9981700
1.86965E-09	0.9994267
1.87618E-09	0.9981133
1.8827E-09	0.9995300
1.88923E-09	0.9989633
1.89576E-09	0.9994267
1.90228E-09	0.9990533
1.90881E-09	0.9998067
1.91533E-09	0.9999800
1.92186E-09	0.9988467
1.92838E-09	0.9990933
1.93491E-09	0.9991967
1.94144E-09	0.9994400
1.94796E-09	0.9994733
1.95449E-09	0.9998100