r [m]	R_1(r) [∛(1/m)] 		R_2(r) [∛(1/m)] 		R_3(r) [∛(1/m)] 		R_4(r) [∛(1/m)] 		R_5(r) [∛(1/m)] 		R_6(r) [∛(1/m)] 		R_7(r) [∛(1/m)] 		R_8(r) [∛(1/m)] 		R_9(r) [∛(1/m)] 		R_10(r) [∛(1/m)] 		R_11(r) [∛(1/m)] 		R_12(r) [∛(1/m)] 		R_13(r) [∛(1/m)] 		R_14(r) [∛(1/m)] 		R_15(r) [∛(1/m)] 	
2.500000E-10 [ 1.90860237e+14  2.15046056e+15 -2.58222937e+15  2.29022810e+15
 -2.12792554e+15 -2.85132541e+15  2.87580793e+15 -2.78463711e+15
  2.04137857e+15 -2.60133981e+15 -2.71408396e+15  2.61923148e+15
 -2.37940343e+15  2.14276669e+15  2.30476682e+15]
2.501439E-10 [ 1.90751259e+14  2.15448565e+15 -2.60047624e+15  2.32404299e+15
 -2.16535990e+15 -2.93292109e+15  3.00343429e+15 -2.96036919e+15
  2.20135249e+15 -2.84128785e+15 -3.03320854e+15  3.00613226e+15
 -2.80444982e+15  2.58148856e+15  2.84870816e+15]
2.503310E-10 [ 1.90992000e+14  2.14554015e+15 -2.55996558e+15  2.24898367e+15
 -2.08226879e+15 -2.75181778e+15  2.72017416e+15 -2.57034779e+15
  1.84630772e+15 -2.30875363e+15 -2.32495418e+15  2.14746148e+15
 -1.86112343e+15  1.60781320e+15  1.64151625e+15]
2.505604E-10 [ 1.91706930e+14  2.11900656e+15 -2.44079672e+15  2.03075094e+15
 -1.84171172e+15 -2.23611637e+15  1.93232322e+15 -1.51520818e+15
  9.07102160e+14 -9.27907845e+14 -5.55258447e+14  9.28884766e+13
  2.98887102e+14 -5.40944497e+14 -9.08210029e+14]
2.508316E-10 [ 1.93006760e+14  2.07099986e+15 -2.22931800e+15  1.65423336e+15
 -1.43098197e+15 -1.39115814e+15  7.17411644e+14 -5.64388177e+12
 -3.53539547e+14  8.18490043e+14  1.43405360e+15 -1.88860813e+15
  2.04272879e+15 -2.00043280e+15 -2.26195947e+15]
2.511438E-10 [ 1.94976281e+14  1.99901809e+15 -1.92278507e+15  1.13574462e+15
 -8.76275139e+14 -3.37449257e+14 -6.17259180e+14  1.38379984e+15
 -1.32769587e+15  1.93218630e+15  2.18106731e+15 -1.96768245e+15
  1.42741606e+15 -9.05904548e+14 -4.10777662e+14]
2.514962E-10 [ 1.97665280e+14  1.90243421e+15 -1.53231597e+15  5.27851826e+14
 -2.46974400e+14  6.96698286e+14 -1.61022510e+15  1.96193089e+15
 -1.40969564e+15  1.59323591e+15  9.52193343e+14  6.51719130e+13
 -9.28212789e+14  1.36655365e+15  1.92138983e+15]
2.518881E-10 [ 2.01083184e+14  1.78272827e+15 -1.08285312e+15 -8.78587307e+13
  3.56377610e+14  1.44411521e+15 -1.86741688e+15  1.40374053e+15
 -5.36381379e+14  5.29257297e+13 -1.07443576e+15  1.80927746e+15
 -1.73888388e+15  1.25691948e+15  6.21604715e+14]
2.523188E-10 [ 2.05197826e+14  1.64339664e+15 -6.09634556e+14 -6.19925003e+14
  8.29092535e+14  1.70700020e+15 -1.30817474e+15  8.39799880e+13
  6.22743723e+14 -1.34954349e+15 -1.74718185e+15  1.04482368e+15
  1.55631851e+14 -9.56846093e+14 -1.70394369e+15]
2.527875E-10 [ 2.09938098e+14  1.48955198e+15 -1.51923377e+14 -9.91745772e+14
  1.09431609e+15  1.44722076e+15 -2.46688302e+14 -1.12044497e+15
  1.16942355e+15 -1.39861831e+15 -4.41736294e+14 -1.00786116e+15
  1.56827484e+15 -1.21636504e+15 -3.84065822e+14]
2.532936E-10 [ 2.15199870e+14  1.32729676e+15  2.54235867e+14 -1.16213872e+15
  1.12602197e+15  8.03677499e+14  7.78563137e+14 -1.46748479e+15
  7.56742755e+14 -2.09378238e+14  1.16852878e+15 -1.42920681e+15
  3.14504156e+14  7.10702228e+14  1.51890274e+15]
2.538362E-10 [ 2.20854502e+14  1.16299422e+15  5.82149689e+14 -1.13364372e+15
  9.53130939e+14  2.55752394e+13  1.31336191e+15 -8.70066857e+14
 -1.58873335e+14  9.90099484e+14  1.28119617e+15  9.73792762e+13
 -1.24272043e+15  1.11571080e+15  1.69106588e+14]
2.544147E-10 [ 2.26759005e+14  1.00257510e+15  8.17908169e+14 -9.46398993e+14
  6.44502560e+14 -6.37068606e+14  1.21291515e+15  1.43192339e+14
 -8.16312962e+14  1.18162142e+15  4.60640884e+13  1.26019121e+15
 -6.96320757e+14 -4.13800755e+14 -1.28608184e+15]
2.550282E-10 [ 2.32766782e+14  8.50995094e+14  9.60586737e+14 -6.61883784e+14
  2.83468256e+14 -1.02405063e+15  6.49461984e+14  9.08347128e+14
 -8.12013282e+14  4.18826981e+14 -1.02802028e+15  7.20560363e+14
  7.40611167e+14 -1.03404424e+15 -2.13725155e+14]
2.556762E-10 [ 2.38737859e+14  7.11909102e+14  1.01977331e+15 -3.44173245e+14
 -5.64360124e+13 -1.09758547e+15 -5.26264464e+13  1.07511939e+15
 -3.00591706e+14 -5.09904153e+14 -9.83020615e+14 -5.21892716e+14
  9.60034128e+14 -3.38715105e+13  1.02200728e+15]
2.563578E-10 [ 2.44547605e+14  5.87573105e+14  1.01164083e+15 -4.54587520e+13
 -3.26275208e+14 -9.18385884e+14 -6.08275520e+14  7.11985482e+14
  2.87903112e+14 -9.28526167e+14 -1.37468945e+14 -1.01088777e+15
  1.81441028e+12  8.27753312e+14  5.05687811e+14]
2.570724E-10 [ 2.50093186e+14  4.78937991e+14  9.54869609e+14  2.00972553e+14
 -5.05034164e+14 -5.94103986e+14 -8.76811376e+14  1.22058143e+14
  6.17767155e+14 -7.16280260e+14  6.48213070e+14 -4.95812723e+14
 -7.75525697e+14  5.40649080e+14 -5.87518100e+14]
2.578191E-10 [ 2.55297343e+14  3.85873083e+14  8.67366239e+14  3.80792510e+14
 -5.94432330e+14 -2.31115947e+14 -8.61832770e+14 -3.96722706e+14
  6.05121443e+14 -1.69626341e+14  8.57797084e+14  3.12704467e+14
 -6.73324807e+14 -2.57994160e+14 -7.71836176e+14]
2.585973E-10 [ 2.60108931e+14  3.07460409e+14  7.64211055e+14  4.94315099e+14
 -6.10067614e+14  9.36021048e+13 -6.51774300e+14 -6.83754347e+14
  3.57467827e+14  3.46553984e+14  5.37827698e+14  7.41200580e+14
 -4.06263574e+13 -6.59082507e+14 -1.22918731e+14]
2.594063E-10 [ 2.64499401e+14  2.42313864e+14  6.56842995e+14  5.50728495e+14
 -5.72967069e+14  3.39474563e+14 -3.55214842e+14 -7.22091175e+14
  3.92669662e+13  6.22321590e+14  1.92226803e+13  6.36229169e+14
  4.91068151e+14 -4.54724053e+14  5.02764289e+14]
2.602452E-10 [ 2.68458102e+14  1.88837509e+14  5.53138341e+14  5.63051285e+14
 -5.03694932e+14  4.96103781e+14 -5.99174472e+13 -5.80530428e+14
 -2.23957148e+14  6.32070476e+14 -3.99269226e+14  2.25191336e+14
  6.13844159e+14  1.65393546e+13  6.13706007e+14]
2.611134E-10 [ 2.71988957e+14  1.45392352e+14  4.57924068e+14  5.44627193e+14
 -4.19198079e+14  5.72389350e+14  1.81643379e+14 -3.51277461e+14
 -3.75946380e+14  4.59495429e+14 -5.85979495e+14 -1.97664460e+14
  3.93602822e+14  3.78566783e+14  3.01979182e+14]
2.620101E-10 [ 2.75107320e+14  1.10406258e+14  3.73662206e+14  5.07121892e+14
 -3.31750374e+14  5.86289975e+14  3.49246178e+14 -1.10895027e+14
 -4.16586507e+14  2.13393398e+14 -5.55005609e+14 -4.56670449e+14
  4.86575892e+13  4.77775447e+14 -1.08990818e+14]
2.629346E-10 [ 2.77836907e+14  8.24411732e+13  3.01134732e+14  4.59693285e+14
 -2.49199078e+14  5.57531239e+14  4.44640014e+14  9.35367144e+13
 -3.75047136e+14 -2.21078427e+13 -3.89265895e+14 -5.17343514e+14
 -2.39581166e+14  3.58984006e+14 -3.80630556e+14]
2.638862E-10 [ 2.80207006e+14  6.02271362e+13  2.40033001e+14  4.08922885e+14
 -1.75825519e+14  5.03501665e+14  4.80942936e+14  2.42224619e+14
 -2.87308959e+14 -2.01723958e+14 -1.76667493e+14 -4.29986881e+14
 -3.91553137e+14  1.42600413e+14 -4.45919902e+14]
2.648641E-10 [ 2.82250067e+14  4.26725308e+13  1.89415888e+14  3.59149811e+14
 -1.13355229e+14  4.37604987e+14  4.74797213e+14  3.34108024e+14
 -1.83569252e+14 -3.12650765e+14  2.06998059e+13 -2.68520582e+14
 -4.10289357e+14 -6.71938355e+13 -3.53433116e+14]
2.658677E-10 [ 2.83999805e+14  2.88584416e+13  1.48036915e+14  3.12954159e+14
 -6.18644966e+13  3.69129305e+14  4.41774698e+14  3.78063026e+14
 -8.39973368e+13 -3.61795313e+14  1.71623783e+14 -9.43084957e+13
 -3.38109318e+14 -2.14902052e+14 -1.87032250e+14]
2.668961E-10 [ 2.85489733e+14  1.80240221e+13  1.14561057e+14  2.71641137e+14
 -2.04859739e+13  3.03860907e+14  3.94341112e+14  3.86415040e+14
  6.63829771e+11 -3.64448647e+14  2.68443694e+14  5.54866288e+13
 -2.22775398e+14 -2.87937086e+14 -1.61059448e+13]
2.679486E-10 [ 2.86752056e+14  9.54802060e+12  8.76983032e+13  2.35656838e+14
  1.20937427e+13  2.44940794e+14  3.41433145e+14  3.71111930e+14
  6.65865315e+13 -3.36943897e+14  3.17063531e+14  1.65431443e+14
 -1.00852994e+14 -2.98396452e+14  1.20049516e+14]
2.690246E-10 [ 2.87816882e+14  2.92907741e+12  6.62768485e+13  2.04911890e+14
  3.73142348e+13  1.93688061e+14  2.88860006e+14  3.41974668e+14
  1.14175826e+14 -2.93025149e+14  3.28918753e+14  2.34496778e+14
  6.07779677e+12 -2.66996366e+14  2.08311600e+14]
2.701233E-10 [ 2.88711746e+14 -2.23356927e+12  4.92750296e+13  1.79014865e+14
  5.65559842e+13  1.50270753e+14  2.40004180e+14  3.06250784e+14
  1.45957533e+14 -2.42717700e+14  3.16011394e+14  2.69027043e+14
  8.88485092e+13 -2.13493974e+14  2.51708559e+14]
2.712438E-10 [ 2.89461387e+14 -6.25781194e+12  3.58274502e+13  1.57430216e+14
  7.10474512e+13  1.14199047e+14  1.96532839e+14  2.68837682e+14
  1.65183932e+14 -1.92533622e+14  2.88511193e+14  2.77818715e+14
  1.46365642e+14 -1.52745850e+14  2.60410670e+14]
2.723857E-10 [ 2.90087794e+14 -9.39471839e+12  2.52148592e+13  1.39576149e+14
  8.18321245e+13  8.46561881e+13  1.58988538e+14  2.32758396e+14
  1.75043885e+14 -1.46201988e+14  2.54007182e+14  2.69348460e+14
  1.81777809e+14 -9.41674552e+13  2.45909230e+14]
2.735480E-10 [ 2.90610428e+14 -1.18423094e+13  1.68464970e+13  1.24880392e+14
  8.97690310e+13  6.07048460e+13  1.27228126e+14  1.99662110e+14
  1.78287549e+14 -1.05475283e+14  2.17618117e+14  2.50549470e+14
  1.99823189e+14 -4.27070392e+13  2.18100501e+14]
2.747300E-10 [ 2.91046353e+14 -1.37561572e+13  1.02430202e+13  1.12813479e+14
  9.55470382e+13  4.14145659e+13  1.00736481e+14  1.70264178e+14
  1.77100299e+14 -7.08329976e+13  1.82462551e+14  2.26515103e+14
  2.05279230e+14 -2.23086956e+11  1.84309400e+14]
2.759311E-10 [ 2.91410315e+14 -1.52576899e+13  5.02057464e+12  1.02906959e+14
  9.97060406e+13  2.59343748e+13  7.88387693e+13  1.44695695e+14
  1.73117594e+14 -4.20213409e+13  1.50210448e+14  2.00679182e+14
  2.02230150e+14  3.32756030e+13  1.49370867e+14]
2.771504E-10 [ 2.91714893e+14 -1.64411645e+13  8.74994565e+11  9.47589889e+13
  1.02661505e+14  1.35245818e+13  6.08296625e+13  1.22754176e+14
  1.67505499e+14 -1.84221839e+13  1.21568843e+14  1.75171159e+14
  1.93843865e+14  5.87224387e+13  1.16136733e+14]
2.783874E-10 [ 2.91970692e+14 -1.73793910e+13 -2.43263878e+12  8.80326620e+13
  1.04728357e+14  3.56419711e+12  4.60452850e+13  1.04071824e+14
  1.61059956e+14  7.14939709e+11  9.66553794e+13  1.51184038e+14
  1.82413300e+14  7.74107571e+13  8.60563308e+13]
2.796411E-10 [ 2.92186504e+14 -1.81281782e+13 -5.08794373e+12  8.24518446e+13
  1.06141935e+14 -4.45313300e+12  3.39008960e+13  8.82254652e+13
  1.54302668e+14  1.61354750e+13  7.52664183e+13  1.29290869e+14
  1.69509973e+14  9.06587883e+13  5.96820411e+13]
2.809109E-10 [ 2.92369499e+14 -1.87300318e+13 -7.23384558e+12  7.77943120e+13
  1.07076350e+14 -1.09315124e+13  2.39032991e+13  7.48001369e+13
  1.47562730e+14  2.85114687e+13  5.70513195e+13  1.09684260e+14
  1.56163264e+14  9.96492079e+13  3.70449284e+13]
2.821962E-10 [ 2.92525502e+14 -1.92173472e+13 -8.98028057e+12  7.38823978e+13
  1.07659890e+14 -1.61903724e+13  1.56456449e+13  6.34171280e+13
  1.41037587e+14  3.84194890e+13  4.16108014e+13  9.23357165e+13
  1.43015580e+14  1.05375272e+14  1.78989014e+13]
2.834960E-10 [ 2.92659247e+14 -1.96149047e+13 -1.04120110e+13  7.05742363e+13
  1.07986898e+14 -2.04812176e+13  8.79637292e+12  5.37439787e+13
  1.34836454e+14  4.63400959e+13  2.85498148e+13  7.70975530e+13
  1.30442506e+14  1.08638297e+14  1.87122148e+12]
2.848097E-10 [ 2.92774583e+14 -1.99417399e+13 -1.15946015e+13  6.77564960e+13
  1.08126668e+14 -2.40017329e+13  3.08731954e+12  4.54958128e+13
  1.29010784e+14  5.26663819e+13  1.75041778e+13  6.37665890e+13
  1.18641381e+14  1.10067432e+14 -1.14486954e+13]
2.861366E-10 [ 2.92874663e+14 -2.02125787e+13 -1.25790888e+13  6.53381809e+13
  1.08130035e+14 -2.69076588e+13 -1.69805697e+12  3.84313986e+13
  1.23574548e+14  5.77165817e+13  8.15052533e+12  5.21208151e+13
  1.07692804e+14  1.10147184e+14 -2.24618234e+13]
2.874760E-10 [ 2.92962090e+14 -2.04389063e+13 -1.34055077e+13  6.32456685e+13
  1.08034163e+14 -2.93222011e+13 -5.73488001e+12  3.23474977e+13
  1.18517562e+14  6.17467333e+13  2.07898913e+11  4.19397273e+13
  9.76023641e+13  1.09244469e+14 -3.15361139e+13]
2.888270E-10 [ 2.93039020e+14 -2.06297267e+13 -1.41054111e+13  6.14191391e+13
  1.07866038e+14 -3.13429824e+13 -9.16467578e+12  2.70739362e+13
  1.13814998e+14  6.49614345e+13 -6.56350167e+12  3.30164486e+13
  8.83301830e+13  1.07632604e+14 -3.89955054e+13]
2.901891E-10 [ 2.93107245e+14 -2.07921245e+13 -1.47037491e+13  5.98098534e+13
  1.07645057e+14 -3.30474019e+13 -1.21016696e+13  2.24690306e+13
  1.09433984e+14  6.75231481e+13 -1.23654852e+13  2.51640050e+13
  7.98112308e+13  1.05511888e+14 -4.51169936e+13]
2.915613E-10 [ 2.93168256e+14 -2.09316971e+13 -1.52203256e+13  5.83779526e+13
  1.07384965e+14 -3.44969028e+13 -1.46380440e+13  1.84151986e+13
  1.05337890e+14  6.95602392e+13 -1.73662376e+13  1.82174414e+13
  7.19685023e+13  1.03026518e+14 -5.01326315e+13]
2.929431E-10 [ 2.93223295e+14 -2.10528803e+13 -1.56709046e+13  5.70907457e+13
  1.07095302e+14 -3.57402899e+13 -1.68481551e+13  1.48151521e+13
  1.01489171e+14  7.11736214e+13 -2.17047741e+13  1.20338427e+13
  6.47216162e+13  1.00278173e+14 -5.42336850e+13]
2.943337E-10 [ 2.93273397e+14 -2.11592011e+13 -1.60680755e+13  5.59213230e+13
  1.06782480e+14 -3.68163690e+13 -1.87919981e+13  1.15885177e+13
  9.78511070e+13  7.24422677e+13 -2.54953068e+13  6.49096455e+12
  5.79920177e+13  9.73366917e+13 -5.75758213e+13]
2.957323E-10 [ 2.93319433e+14 -2.12534807e+13 -1.64219533e+13  5.48473600e+13
  1.06450565e+14 -3.77560999e+13 -2.05181451e+13  8.66871165e+12
  9.43885426e+13  7.34277623e+13 -2.88314801e+13  1.48485059e+12
  5.17054690e+13  9.42480716e+13 -6.02845968e+13]
2.971382E-10 [ 2.93362139e+14 -2.13379929e+13 -1.67407288e+13  5.38501325e+13
  1.06101832e+14 -3.85842966e+13 -2.20661267e+13  6.00026621e+12
  9.10680691e+13  7.41779111e+13 -3.17900813e+13 -3.07275654e+12
  4.57930126e+13  9.10403477e+13 -6.24604657e+13]
2.985507E-10 [ 2.93402142e+14 -2.14145854e+13 -1.70310924e+13  5.29137350e+13
  1.05737150e+14 -3.93209376e+13 -2.34683036e+13  3.53665347e+12
  8.78579529e+13  7.47295375e+13 -3.44341050e+13 -7.25679769e+12
  4.01911774e+13  8.77279078e+13 -6.41830313e+13]
2.999691E-10 [ 2.93439985e+14 -2.14847715e+13 -1.72985565e+13  5.20244700e+13
  1.05356269e+14 -3.99821673e+13 -2.47513152e+13  1.23855787e+12
  8.47279581e+13  7.51106279e+13 -3.68152125e+13 -1.11309398e+13
  3.48418322e+13  8.43146833e+13 -6.55145378e+13]
3.013925E-10 [ 2.93476141e+14 -2.15498025e+13 -1.75477116e+13  5.11703403e+13
  1.04958003e+14 -4.05810832e+13 -2.59372437e+13 -9.27564206e+11
  8.16490262e+13  7.53419878e+13 -3.89757656e+13 -1.47494073e+13
  2.96917068e+13  8.07964138e+13 -6.65027424e+13]
3.028204E-10 [ 2.93511031e+14 -2.16107270e+13 -1.77824342e+13  5.03406052e+13
  1.04540329e+14 -4.11283655e+13 -2.70445706e+13 -2.99072685e+12
  7.85927926e+13  7.54384978e+13 -4.09505247e+13 -1.81586488e+13
  2.46916278e+13  7.71621130e+13 -6.71832205e+13]
3.042519E-10 [ 2.93545034e+14 -2.16684360e+13 -1.80060536e+13  4.95254000e+13
  1.04100433e+14 -4.16327657e+13 -2.80889397e+13 -4.97644751e+12
  7.55310385e+13  7.54100275e+13 -4.27680007e+13 -2.13987485e+13
  1.97956918e+13  7.33949748e+13 -6.75811213e+13]
3.056864E-10 [ 2.93578503e+14 -2.17237014e+13 -1.82214877e+13  4.87153968e+13
  1.03634691e+14 -4.21014888e+13 -2.90837742e+13 -6.90762456e+12
  7.24350714e+13  7.52620683e+13 -4.44515269e+13 -2.45046223e+13
  1.49604015e+13  6.94728216e+13 -6.77124479e+13]
3.071230E-10 [ 2.93611774e+14 -2.17772059e+13 -1.84313557e+13  4.79014906e+13
  1.03138603e+14 -4.25404901e+13 -3.00407782e+13 -8.80529478e+12
  6.92750288e+13  7.49961242e+13 -4.60200878e+13 -2.75070202e+13
  1.01437941e+13  6.53681764e+13 -6.75849098e+13]
3.085612E-10 [ 2.93645174e+14 -2.18295683e+13 -1.86380713e+13  4.70745061e+13
  1.02606686e+14 -4.29546969e+13 -3.09703344e+13 -1.06892761e+13
  6.60191388e+13  7.46098935e+13 -4.74889190e+13 -3.04333147e+13
  5.30464192e+12  6.10480758e+13 -6.71983930e+13]
3.100000E-10 [ 2.93679030e+14 -2.18813637e+13 -1.88439229e+13  4.62249109e+13
  1.02032308e+14 -4.33481711e+13 -3.18818232e+13 -1.25787284e+13
  6.26329151e+13  7.40972643e+13 -4.88699123e+13 -3.33081074e+13
  4.01720798e+11  5.64736660e+13 -6.65450928e+13]
3.114388E-10 [ 2.93713682e+14 -2.19331410e+13 -1.90511405e+13  4.53425347e+13
  1.01407494e+14 -4.37242168e+13 -3.27838644e+13 -1.44926270e+13
  5.90783214e+13  7.34481433e+13 -5.01718228e+13 -3.61536239e+13
 -4.60677135e+12  5.15996892e+13 -6.56093526e+13]
3.128770E-10 [ 2.93749479e+14 -2.19854333e+13 -1.92619403e+13  4.44163455e+13
  1.00722724e+14 -4.40854158e+13 -3.36844365e+13 -1.64500358e+13
  5.53131442e+13  7.26481849e+13 -5.14002173e+13 -3.89897198e+13
 -9.76328888e+12  4.63742586e+13 -6.43673293e+13]
3.143136E-10 [ 2.93786793e+14 -2.20387674e+13 -1.94785650e+13  4.34342129e+13
  9.99666909e+13 -4.44336347e+13 -3.45909580e+13 -1.84703391e+13
  5.12903384e+13  7.16784249e+13 -5.25573053e+13 -4.18337421e+13
 -1.51108515e+13  4.07386887e+13 -6.27865556e+13]
3.157481E-10 [ 2.93826019e+14 -2.20936759e+13 -1.97033387e+13  4.23825754e+13
  9.91259576e+13 -4.47700263e+13 -3.55103989e+13 -2.05735906e+13
  4.69570205e+13  7.05147276e+13 -5.36417268e+13 -4.47004404e+13
 -2.06931720e+13  3.46269733e+13 -6.08252668e+13]
3.171796E-10 [ 2.93867589e+14 -2.21507103e+13 -1.99387240e+13  4.12460499e+13
  9.81845211e+13 -4.50949977e+13 -3.64493643e+13 -2.27808577e+13
  4.22533026e+13  6.91270529e+13 -5.46481819e+13 -4.76017089e+13
 -2.65546254e+13  2.79652540e+13 -5.84315327e+13]
3.186075E-10 [ 2.93911976e+14 -2.22104504e+13 -2.01873726e+13  4.00070221e+13
  9.71233150e+13 -4.54081270e+13 -3.74141036e+13 -2.51144644e+13
  3.71111708e+13  6.74785958e+13 -5.55668396e+13 -5.05459880e+13
 -3.27397206e+13  2.06716737e+13 -5.55423395e+13]
3.200309E-10 [ 2.93959701e+14 -2.22735130e+13 -2.04521694e+13  3.86452249e+13
  9.59196583e+13 -4.57080266e+13 -3.84104390e+13 -2.75980991e+13
  3.14535058e+13  6.55248438e+13 -5.63825245e+13 -5.35372764e+13
 -3.92918991e+13  1.26568955e+13 -5.20828048e+13]
3.214493E-10 [ 2.94011343e+14 -2.23405598e+13 -2.07362799e+13  3.71372475e+13
  9.45465996e+13 -4.59921674e+13 -3.94436501e+13 -3.02568721e+13
  2.51930856e+13  6.32125201e+13 -5.70737250e+13 -5.65738388e+13
 -4.62517866e+13  3.82522250e+12 -4.79655843e+13]
3.228618E-10 [ 2.94067542e+14 -2.24123071e+13 -2.10432059e+13  3.54559546e+13
  9.29721308e+13 -4.62566552e+13 -4.05183078e+13 -3.31173113e+13
  1.82315853e+13  6.04784045e+13 -5.76114007e+13 -5.96465544e+13
 -5.36547502e+13 -5.92345970e+12 -4.30906156e+13]
3.242677E-10 [ 2.94129013e+14 -2.24895345e+13 -2.13768396e+13  3.35698410e+13
  9.11582853e+13 -4.64959447e+13 -4.16380190e+13 -3.62071954e+13
  1.04588194e+13  5.72481301e+13 -5.79575584e+13 -6.27367556e+13
 -6.15273648e+13 -1.66903229e+13 -3.73455696e+13]
3.256663E-10 [ 2.94196547e+14 -2.25730919e+13 -2.17415162e+13  3.14423408e+13
  8.90601368e+13 -4.67024824e+13 -4.28050543e+13 -3.95551424e+13
  1.75246919e+12  5.34350763e+13 -5.80636116e+13 -6.58134602e+13
 -6.98824305e+13 -2.85721872e+13 -3.06074971e+13]
3.270569E-10 [ 2.94271022e+14 -2.26639055e+13 -2.21420616e+13  2.90310928e+13
  8.66246989e+13 -4.68662755e+13 -4.40198445e+13 -4.31898910e+13
 -8.02147384e+12  4.89395091e+13 -5.78685798e+13 -6.88299689e+13
 -7.87122625e+13 -4.16534353e+13 -2.27462495e+13]
3.284387E-10 [ 2.94353405e+14 -2.27629823e+13 -2.25838391e+13  2.62871578e+13
  8.37897230e+13 -4.69743851e+13 -4.52803361e+13 -4.71392166e+13
 -1.90073040e+13  4.36481398e+13 -5.72972179e+13 -7.17198349e+13
 -8.79800068e+13 -5.59945961e+13 -1.36303571e+13]
3.298109E-10 [ 2.94444756e+14 -2.28714130e+13 -2.30727889e+13  2.31542170e+13
  8.04824247e+13 -4.70103408e+13 -4.65811759e+13 -5.14283617e+13
 -3.13567889e+13  3.74344011e+13 -5.62582185e+13 -7.43922346e+13
 -9.76086681e+13 -7.16167251e+13 -3.13629317e+12]
3.311730E-10 [ 2.94546218e+14 -2.29903610e+13 -2.36154097e+13  1.95681020e+13
  7.66185189e+13 -4.69534810e+13 -4.79125841e+13 -5.60774418e+13
 -4.52232032e+13  3.01604527e+13 -5.46428410e+13 -7.67266489e+13
 -1.07466768e+14 -8.84792410e+13  8.83676805e+12]
3.325240E-10 [ 2.94658984e+14 -2.31210184e+13 -2.42185811e+13  1.54574186e+13
  7.21024528e+13 -4.67783138e+13 -4.92587473e+13 -6.10969660e+13
 -6.07490535e+13  2.16829495e+13 -5.23249303e+13 -7.85672207e+13
 -1.17349633e+14 -1.06448065e+14  2.23433121e+13]
3.338634E-10 [ 2.94784238e+14 -2.32645487e+13 -2.48893145e+13  1.07448857e+13
  6.68285635e+13 -4.64540646e+13 -5.05961558e+13 -6.64824058e+13
 -7.80492474e+13  1.18623184e+13 -4.91631888e+13 -7.97188044e+13
 -1.26960281e+14 -1.25258480e+14  3.73602892e+13]
3.351903E-10 [ 2.94923115e+14 -2.34220386e+13 -2.56345261e+13  5.34879611e+12
  6.06825530e+13 -4.59444415e+13 -5.18921816e+13 -7.22087406e+13
 -9.71921785e+13  5.74489348e+11 -4.50058868e+13 -7.99460766e+13
 -1.35893658e+14 -1.44478173e+14  5.37514743e+13]
3.365040E-10 [ 2.95076639e+14 -2.35944430e+13 -2.64607613e+13 -8.14856703e+11
  5.35439117e+13 -4.52077006e+13 -5.31038393e+13 -7.82245871e+13
 -1.18177181e+14 -1.22738094e+13 -3.96987812e+13 -7.89766895e+13
 -1.43625899e+14 -1.63472343e+14  7.12280121e+13]
3.378038E-10 [ 2.95245687e+14 -2.37825413e+13 -2.73739506e+13 -7.83012149e+12
  4.52887329e+13 -4.41970331e+13 -5.41770157e+13 -8.44468915e+13
 -1.40911199e+14 -2.67275726e+13 -3.30962385e+13 -7.65098912e+13
 -1.49513361e+14 -1.81378901e+14  8.93109240e+13]
3.390891E-10 [ 2.95430964e+14 -2.39869281e+13 -2.83793127e+13 -1.57796335e+13
  3.57917911e+13 -4.28611174e+13 -5.50463163e+13 -9.07571746e+13
 -1.65188501e+14 -4.27663328e+13 -2.50745403e+13 -7.22308299e+13
 -1.52804930e+14 -1.97101793e+14  1.07303069e+14]
3.403589E-10 [ 2.95632990e+14 -2.42079984e+13 -2.94812229e+13 -2.47426995e+13
  2.49292972e+13 -4.11449356e+13 -5.56352310e+13 -9.69981694e+13
 -1.90669842e+14 -6.02852758e+13 -1.55480846e+13 -6.58308591e+13
 -1.52668062e+14 -2.09323844e+14  1.24272569e+14]
3.416126E-10 [ 2.95852055e+14 -2.44459070e+13 -3.06829373e+13 -3.47919228e+13
  1.25836147e+13 -3.89911569e+13 -5.58568040e+13 -1.02970893e+14
 -2.16860452e+14 -7.90738892e+13 -4.48936823e+12 -5.70355678e+13
 -1.48233070e+14 -2.16546988e+14  1.39054417e+14]
3.428496E-10 [ 2.96088173e+14 -2.47005266e+13 -3.19862922e+13 -4.59892076e+13
 -1.35099210e+12 -3.63420665e+13 -5.56151925e+13 -1.08433791e+14
 -2.43092715e+14 -9.87958816e+13  8.04891534e+12 -4.56404109e+13
 -1.38659948e+14 -2.17171397e+14  1.50282696e+14]
3.440689E-10 [ 2.96341022e+14 -2.49713827e+13 -3.33912572e+13 -5.83800722e+13
 -1.69602139e+13 -3.31423566e+13 -5.48083498e+13 -1.13104339e+14
 -2.68514694e+14 -1.18971184e+14  2.19101738e+13 -3.15537969e+13
 -1.23229679e+14 -2.09620049e+14  1.56462055e+14]
3.452700E-10 [ 2.96609812e+14 -2.52575231e+13 -3.48951271e+13 -7.19841516e+13
 -3.42963451e+13 -2.93435567e+13 -5.33325287e+13 -1.16664206e+14
 -2.92087012e+14 -1.38961230e+14  3.68089321e+13 -1.48480677e+13
 -1.01463276e+14 -1.92517352e+14  1.56088885e+14]
3.464520E-10 [ 2.96893176e+14 -2.55574118e+13 -3.64917856e+13 -8.67854068e+13
 -5.33639690e+13 -2.49094973e+13 -5.10891432e+13 -1.18772028e+14
 -3.12605365e+14 -1.57970333e+14  5.23130959e+13  4.19020441e+12
 -7.32602113e+13 -1.64921607e+14  1.47833204e+14]
3.476143E-10 [ 2.97189149e+14 -2.58689066e+13 -3.81713979e+13 -1.02725735e+14
 -7.41096211e+13 -1.98214737e+13 -4.79931127e+13 -1.19084276e+14
 -3.28756949e+14 -1.75072227e+14  6.78428350e+13  2.50252870e+13
 -3.90284971e+13 -1.26577196e+14  1.30765278e+14]
3.487562E-10 [ 2.97495174e+14 -2.61892825e+13 -3.99203532e+13 -1.19700904e+14
 -9.64143744e+13 -1.40829596e+13 -4.39819280e+13 -1.17282015e+14
 -3.39205680e+14 -1.89260536e+14  8.26888683e+13  4.68621115e+13
  2.20568946e+11 -7.81410189e+13  1.04592261e+14]
3.498767E-10 [ 2.97808168e+14 -2.65153034e+13 -4.17215002e+13 -1.37559688e+14
 -1.20090760e+14 -7.72318486e+12 -3.90243783e+13 -1.13101173e+14
 -3.42700911e+14 -1.99521824e+14  9.60528152e+13  6.86705140e+13
  4.28430331e+13 -2.13284357e+13  6.98579571e+13]
3.509754E-10 [ 2.98124711e+14 -2.68434213e+13 -4.35551434e+13 -1.56111358e+14
 -1.44891153e+14 -7.97246912e+11 -3.31263024e+13 -1.06361202e+14
 -3.38197983e+14 -2.04926782e+14  1.07111327e+14  8.92539879e+13
  8.66331900e+13  4.10891930e+13  2.80425294e+13]
3.520514E-10 [ 2.98441291e+14 -2.71700397e+13 -4.54004928e+13 -1.75139413e+14
 -1.70525365e+14  6.61738482e+12 -2.63316704e+13 -9.69846729e+13
 -3.24961474e+14 -2.04718916e+14  1.15091439e+14  1.07353095e+14
  1.28995096e+14  1.05463548e+14 -1.84843751e+13]
3.531039E-10 [ 2.98754479e+14 -2.74916822e+13 -4.72366779e+13 -1.94412541e+14
 -1.96675443e+14  1.44247744e+13 -1.87211700e+13 -8.50075136e+13
 -3.02636957e+14 -1.98384655e+14  1.19340777e+14  1.21759244e+14
  1.67172852e+14  1.67580320e+14 -6.66448292e+13]
3.541323E-10 [ 2.99061024e+14 -2.78050941e+13 -4.90434329e+13 -2.13693235e+14
 -2.23007934e+14  2.25145442e+13 -1.04089654e+13 -7.05811558e+13
 -2.71291928e+14 -1.85702557e+14  1.19387241e+14  1.31426803e+14
  1.98511031e+14  2.23060460e+14 -1.12943214e+14]
3.551359E-10 [ 2.99357941e+14 -2.81073267e+13 -5.08017211e+13 -2.32746503e+14
 -2.49186704e+14  3.07667405e+13 -1.53713932e+12 -5.39657590e+13
 -2.31422164e+14 -1.66767697e+14  1.14982948e+14  1.35572298e+14
  2.20716420e+14  2.67804930e+14 -1.53831427e+14]
3.561138E-10 [ 2.99642583e+14 -2.83958054e+13 -5.24942788e+13 -2.51348198e+14
 -2.74885591e+14  3.90571927e+13  7.73171671e+12 -3.55151261e+13
 -1.83922624e+14 -1.41988325e+14  1.06126933e+14  1.33747410e+14
  2.32083993e+14  2.98417545e+14 -1.86093192e+14]
3.570654E-10 [ 2.99912708e+14 -2.86683916e+13 -5.41061367e+13 -2.69293419e+14
 -2.99801351e+14  4.72633731e+13  1.72235660e+13 -1.56539238e+13
 -1.30023812e+14 -1.12054086e+14  9.30634778e+13  1.25876089e+14
  2.31655723e+14  3.12544472e+14 -2.07188803e+14]
3.579899E-10 [ 3.00166530e+14 -2.89234305e+13 -5.56250571e+13 -2.86404099e+14
 -3.23665625e+14  5.52702111e+13  2.67628138e+13  5.15066631e+12
 -7.11995814e+13 -7.78786902e+13  7.62557350e+13  1.12250106e+14
  2.19288099e+14  3.09077292e+14 -2.15504104e+14]
3.588866E-10 [ 3.00402731e+14 -2.91597547e+13 -5.70416910e+13 -3.02533368e+14
 -3.46252413e+14  6.29745047e+13  3.61810445e+13  2.64175544e+13
 -9.06368307e+12 -4.05281478e+13  5.63406027e+13  9.34866637e+13
  1.95623629e+14  2.88194990e+14 -2.10467347e+14]
3.597548E-10 [ 3.00620436e+14 -2.93766524e+13 -5.83495110e+13 -3.17567025e+14
 -3.67381359e+14  7.02877855e+13  4.53239194e+13  4.76774330e+13
  5.47312895e+13 -1.14531764e+12  3.40732971e+13  7.04590772e+13
  1.61983327e+14  2.51259964e+14 -1.92533048e+14]
3.605937E-10 [ 3.00819180e+14 -2.95738269e+13 -5.95446489e+13 -3.31423461e+14
 -3.86918639e+14  7.71381087e+13  5.40564676e+13  6.84947793e+13
  1.18586352e+14  3.91229300e+13  1.02681832e+13  4.42115630e+13
  1.20203492e+14  2.00600595e+14 -1.63052554e+14]
3.614027E-10 [ 3.00998864e+14 -2.97513478e+13 -6.06256680e+13 -3.44052346e+14
 -4.04775888e+14  8.34708537e+13  6.22666781e+13  8.84850910e+13
  1.81033759e+14  7.91900209e+13 -1.42579546e+13  1.58693189e+13
  7.24430209e+13  1.39222153e+14 -1.24063342e+14]
3.621809E-10 [ 3.01159710e+14 -2.99096008e+13 -6.15932935e+13 -3.55432387e+14
 -4.20907556e+14  8.92486570e+13  6.98674385e+13  1.07326853e+14
  2.40795998e+14  1.18081385e+14 -3.87353337e+13 -1.34462709e+13
  2.09869203e+13  7.04905591e+13 -7.80354216e+13]
3.629276E-10 [ 3.01302213e+14 -3.00492349e+13 -6.24501094e+13 -3.65568274e+14
 -4.35306928e+14  9.44505671e+13  7.67968930e+13  1.24768063e+14
  2.96824084e+14  1.54971020e+14 -6.24798061e+13 -4.26895105e+13
 -3.19319353e+13 -2.17017283e+12 -2.76128045e+13]
3.636422E-10 [ 3.01427092e+14 -3.01711075e+13 -6.32002236e+13 -3.74486921e+14
 -4.48000926e+14  9.90704879e+13  8.30173159e+13  1.40627395e+14
  3.48314539e+14  1.89201748e+14 -8.49186117e+13 -7.09439644e+13
 -8.42761177e+13 -7.55340012e+13  2.46174852e+13]
3.643238E-10 [ 3.01535244e+14 -3.02762398e+13 -6.38489822e+13 -3.82234006e+14
 -4.59045219e+14  1.03115502e+14  8.85133395e+13  1.54792169e+14
  3.94711737e+14  2.20293222e+14 -1.05605144e+14 -9.74582470e+13
 -1.34307975e+14 -1.46769200e+14  7.63116384e+13]
3.649718E-10 [ 3.01627716e+14 -3.03657833e+13 -6.44027443e+13 -3.88871060e+14
 -4.68519977e+14  1.06604264e+14  9.32899015e+13  1.67214293e+14
  4.35699923e+14  2.47940702e+14 -1.24224645e+14 -1.21665835e+14
 -1.80655970e+14 -2.13572169e+14  1.25503713e+14]
3.655853E-10 [ 3.01705672e+14 -3.04409884e+13 -6.48686651e+13 -3.94472518e+14
 -4.76525513e+14  1.09565232e+14  9.73696833e+13  1.77903848e+14
  4.71184340e+14  2.72004475e+14 -1.40590940e+14 -1.43188979e+14
 -2.22342218e+14 -2.74235451e+14  1.70683600e+14]
3.661638E-10 [ 3.01770367e+14 -3.05031738e+13 -6.52544804e+13 -3.99122719e+14
 -4.83177802e+14  1.12034763e+14  1.00790159e+14  1.86920851e+14
  5.01263782e+14  2.92491793e+14 -1.54635775e+14 -1.61829016e+14
 -2.58775677e+14 -3.27655751e+14  2.10821475e+14]
3.667064E-10 [ 3.01823113e+14 -3.05536972e+13 -6.55682985e+13 -4.02912950e+14
 -4.88604035e+14  1.14055185e+14  1.03600462e+14  1.94365958e+14
  5.26197748e+14  3.09533850e+14 -1.66392926e+14 -1.77546538e+14
 -2.89718573e+14 -3.73293800e+14  2.45347823e+14]
3.672125E-10 [ 3.01865254e+14 -3.05939283e+13 -6.58184043e+13 -4.05938641e+14
 -4.92938378e+14  1.15672910e+14  1.05858239e+14  2.00370794e+14
  5.46371124e+14  3.23360192e+14 -1.75979223e+14 -1.90435038e+14
 -3.15234622e+14 -4.11100178e+14  2.74100949e+14]
3.676812E-10 [ 3.01898138e+14 -3.06252227e+13 -6.60130787e+13 -4.08296750e+14
 -4.96318019e+14  1.16936666e+14  1.07626653e+14  2.05088494e+14
  5.62258887e+14  3.34272633e+14 -1.83574418e+14 -2.00691425e+14
 -3.35627312e+14 -4.41421293e+14  2.97254400e+14]
3.681119E-10 [ 3.01923091e+14 -3.06489000e+13 -6.61604345e+13 -4.10083411e+14
 -4.98879591e+14  1.17895884e+14  1.08971615e+14  2.08684874e+14
  5.74392761e+14  3.42620298e+14 -1.89401459e+14 -2.08586218e+14
 -3.51375390e+14 -4.64898060e+14  3.15235625e+14]
3.685038E-10 [ 3.01941397e+14 -3.06662223e+13 -6.62682709e+13 -4.11391830e+14
 -5.00756001e+14  1.18599272e+14  1.09959332e+14  2.11330530e+14
  5.83331136e+14  3.48776965e+14 -1.93708310e+14 -2.14435575e+14
 -3.63071084e+14 -4.82367165e+14  3.28644996e+14]
3.688562E-10 [ 3.01954274e+14 -3.06783762e+13 -6.63439451e+13 -4.12310466e+14
 -5.02073673e+14  1.19093581e+14  1.10654188e+14  2.13194016e+14
  5.89633042e+14  3.53121371e+14 -1.96752031e+14 -2.18576541e+14
 -3.71364804e+14 -4.94771790e+14  3.38181667e+14]
3.691684E-10 [ 3.01962855e+14 -3.06864569e+13 -6.63942611e+13 -4.12921468e+14
 -5.02950190e+14  1.19422562e+14  1.11116971e+14  2.14436151e+14
  5.93836432e+14  3.56020789e+14 -1.98785472e+14 -2.21346254e+14
 -3.76918420e+14 -5.03085755e+14  3.44580152e+14]
3.694396E-10 [ 3.01968172e+14 -3.06914533e+13 -6.64253724e+13 -4.13299335e+14
 -5.03492306e+14  1.19626097e+14  1.11403418e+14  2.15205393e+14
  5.96440637e+14  3.57817786e+14 -2.00046575e+14 -2.23065252e+14
 -3.80367708e+14 -5.08252466e+14  3.48559134e+14]
3.696690E-10 [ 3.01971138e+14 -3.06942359e+13 -6.64426983e+13 -4.13509791e+14
 -5.03794256e+14  1.19739483e+14  1.11563035e+14  2.15634168e+14
  5.97892568e+14  3.58819888e+14 -2.00750098e+14 -2.24024629e+14
 -3.82293566e+14 -5.11138192e+14  3.50782340e+14]
3.698561E-10 [ 3.01972536e+14 -3.06955454e+13 -6.64508508e+13 -4.13608823e+14
 -5.03936343e+14  1.19792843e+14  1.11638161e+14  2.15836008e+14
  5.98576129e+14  3.59291724e+14 -2.01081411e+14 -2.24476528e+14
 -3.83200900e+14 -5.12497979e+14  3.51830143e+14]
3.700000E-10 [ 3.01973002e+14 -3.06959821e+13 -6.64535695e+13 -4.13641847e+14
 -5.03983725e+14  1.19810638e+14  1.11663216e+14  2.15903325e+14
  5.98804118e+14  3.59449103e+14 -2.01191926e+14 -2.24627280e+14
 -3.83503606e+14 -5.12951663e+14  3.52179760e+14]
