r [m]	R_1(r) [∛(1/m)] 		R_2(r) [∛(1/m)] 		R_3(r) [∛(1/m)] 		R_4(r) [∛(1/m)] 		R_5(r) [∛(1/m)] 		R_6(r) [∛(1/m)] 		R_7(r) [∛(1/m)] 		R_8(r) [∛(1/m)] 		R_9(r) [∛(1/m)] 		R_10(r) [∛(1/m)] 		R_11(r) [∛(1/m)] 		R_12(r) [∛(1/m)] 		R_13(r) [∛(1/m)] 		R_14(r) [∛(1/m)] 		R_15(r) [∛(1/m)] 		R_16(r) [∛(1/m)] 		R_17(r) [∛(1/m)] 		R_18(r) [∛(1/m)] 		R_19(r) [∛(1/m)] 		R_20(r) [∛(1/m)] 	
3.700000E-10 [ 1.20748635e+14  4.53697740e+14 -4.54632766e+14  4.90212006e+14
  5.21730193e+14 -5.44744722e+14  5.80755062e+14  5.97193106e+14
 -5.93513411e+14  6.27155324e+14 -6.37454974e+14  6.52846130e+14
 -6.58961551e+14  6.71358166e+14 -6.70903759e+14  6.86544190e+14
 -6.91220975e+14  7.02954697e+14 -6.90491486e+14  7.14564260e+14]
3.701434E-10 [ 1.20748441e+14  4.53704808e+14 -4.54654619e+14  4.90258913e+14
  5.21813682e+14 -5.44880600e+14  5.80957399e+14  5.97472543e+14
 -5.93886989e+14  6.27633265e+14 -6.38053575e+14  6.53580093e+14
 -6.59845881e+14  6.72405849e+14 -6.72131402e+14  6.87963869e+14
 -6.92850661e+14  7.04800924e+14 -6.92578092e+14  7.16902339e+14]
3.703092E-10 [ 1.20748766e+14  4.53692955e+14 -4.54617981e+14  4.90180275e+14
  5.21673716e+14 -5.44652813e+14  5.80618195e+14  5.97004086e+14
 -5.93260743e+14  6.26832035e+14 -6.37050074e+14  6.52349662e+14
 -6.58363384e+14  6.70649494e+14 -6.70073396e+14  6.85583898e+14
 -6.90118648e+14  7.01705858e+14 -6.89080169e+14  7.12982726e+14]
3.704973E-10 [ 1.20749759e+14  4.53656754e+14 -4.54506092e+14  4.89940138e+14
  5.21246338e+14 -5.43957348e+14  5.79582670e+14  5.95574172e+14
 -5.91349516e+14  6.24387179e+14 -6.33988619e+14  6.48596695e+14
 -6.53842664e+14  6.65295034e+14 -6.63801065e+14  6.78332407e+14
 -6.81797159e+14  6.92281664e+14 -6.78433162e+14  7.01056541e+14]
3.707075E-10 [ 1.20751583e+14  4.53590152e+14 -4.54300279e+14  4.89498485e+14
  5.20460451e+14 -5.42678790e+14  5.77679436e+14  5.92946893e+14
 -5.87839216e+14  6.19898503e+14 -6.28370432e+14  6.41712885e+14
 -6.45555148e+14  6.55484824e+14 -6.52316539e+14  6.65063983e+14
 -6.66582004e+14  6.75063478e+14 -6.58996998e+14  6.79303708e+14]
3.709394E-10 [ 1.20754417e+14  4.53486495e+14 -4.53980037e+14  4.88811441e+14
  5.19238275e+14 -5.40691221e+14  5.74722128e+14  5.88866736e+14
 -5.82391247e+14  6.12936800e+14 -6.19663742e+14  6.31053943e+14
 -6.32734829e+14  6.40324403e+14 -6.34588362e+14  6.44606075e+14
 -6.43152230e+14  6.48584601e+14 -6.29150144e+14  6.45948972e+14]
3.711931E-10 [ 1.20758456e+14  4.53338547e+14 -4.53523117e+14  4.87831513e+14
  5.17495873e+14 -5.37859327e+14  5.70511477e+14  5.83062123e+14
 -5.74648270e+14  6.03052683e+14 -6.07316894e+14  6.15958403e+14
 -6.14604498e+14  6.18918113e+14 -6.09598893e+14  6.15820740e+14
 -6.10249408e+14  6.11476268e+14 -5.87414083e+14  5.99415030e+14]
3.714682E-10 [ 1.20763907e+14  4.53138521e+14 -4.52905629e+14  4.86507873e+14
  5.15143806e+14 -5.34039762e+14  5.64837895e+14  5.75249856e+14
 -5.64241498e+14  5.89787825e+14 -5.90775057e+14  5.95771612e+14
 -5.90409181e+14  5.90414408e+14 -5.76404466e+14  5.77682732e+14
 -5.66777498e+14  5.62592702e+14 -5.32608495e+14  5.38512304e+14]
3.717646E-10 [ 1.20770988e+14  4.52878102e+14 -4.52102158e+14  4.84786681e+14
  5.12087893e+14 -5.29082791e+14  5.57484620e+14  5.65140575e+14
 -5.50799687e+14  5.72688805e+14 -5.69500817e+14  5.69875214e+14
 -5.59457104e+14  5.54061121e+14 -5.34208341e+14  5.29373608e+14
 -5.11922280e+14  5.01159449e+14 -4.64033600e+14  4.62659640e+14]
3.720820E-10 [ 1.20779932e+14  4.52548483e+14 -4.51085894e+14  4.82611464e+14
  5.08230109e+14 -5.22834236e+14  5.48231477e+14  5.52445301e+14
 -5.33959910e+14  5.51323705e+14 -5.42998746e+14  5.37722167e+14
 -5.21168015e+14  5.09270143e+14 -4.82445291e+14  4.70389677e+14
 -4.45286723e+14  4.26939226e+14 -3.81670945e+14  3.72123285e+14]
3.724203E-10 [ 1.20790980e+14  4.52140397e+14 -4.49828772e+14  4.79923536e+14
  5.03469626e+14 -5.15137747e+14  5.36859291e+14  5.36883112e+14
 -5.13380161e+14  5.25301424e+14 -5.10843821e+14  4.98876891e+14
 -4.75128005e+14  4.55689902e+14 -4.20875033e+14  4.00659280e+14
 -3.67035273e+14  3.40404920e+14 -2.86387691e+14  2.68253146e+14]
3.727793E-10 [ 1.20804384e+14  4.51644148e+14 -4.48301628e+14  4.76662478e+14
  4.97703983e+14 -5.05837408e+14  5.23154941e+14  5.18189936e+14
 -4.88753727e+14  4.94293526e+14 -4.72713221e+14  4.53059615e+14
 -4.21149134e+14  3.93282732e+14 -3.49679792e+14  3.20662143e+14
 -2.78036236e+14  2.42904147e+14 -1.80122506e+14  1.53686457e+14]
3.731587E-10 [ 1.20820402e+14  4.51049652e+14 -4.46474372e+14  4.72766664e+14
  4.90830408e+14 -4.94780661e+14  5.06917057e+14  4.96128390e+14
 -4.59825129e+14  4.58058217e+14 -4.28420707e+14  4.00193419e+14
 -3.59331197e+14  3.22402789e+14 -2.69559168e+14  2.31540525e+14
 -1.79987330e+14  1.36794507e+14 -6.60244991e+13  3.24807015e+13]
3.735584E-10 [ 1.20839302e+14  4.50346473e+14 -4.44316157e+14  4.68173830e+14
  4.82747272e+14 -4.81821548e+14  4.87962299e+14  4.70498564e+14
 -4.26407366e+14  4.16465814e+14 -3.77952324e+14  3.40451739e+14
 -2.90121923e+14  2.43868578e+14 -1.81813309e+14  1.35189025e+14
 -7.55057981e+13  2.55240934e+13  5.14886984e+13 -8.98680525e+13]
3.739782E-10 [ 1.20861355e+14  4.49523856e+14 -4.41795575e+14  4.62821691e+14
  4.73355658e+14 -4.66824231e+14  4.66132144e+14  4.41149517e+14
 -3.88399971e+14  3.69524805e+14 -3.21501774e+14  2.74303448e+14
 -2.14370860e+14  1.59022769e+14 -8.84034531e+13  3.43074887e+13
  3.18382891e+13 -8.63709222e+13  1.66789837e+14 -2.06566207e+14]
3.744179E-10 [ 1.20886839e+14  4.48570767e+14 -4.38880838e+14  4.56648582e+14
  4.62561047e+14 -4.49666744e+14  4.41300057e+14  4.07991231e+14
 -3.45807322e+14  3.17407343e+14 -2.59503346e+14  2.02551957e+14
 -1.33371274e+14  6.97707194e+13  8.02244996e+12 -6.75998638e+13
  1.37567784e+14 -1.93379569e+14  2.73251608e+14 -3.09861572e+14]
3.748773E-10 [ 1.20916036e+14  4.47475919e+14 -4.35539970e+14  4.49594131e+14
  4.50275079e+14 -4.30244926e+14  4.13378904e+14  3.71006676e+14
 -2.98756443e+14  2.60472772e+14 -1.92659920e+14  1.26364235e+14
 -4.88837264e+13 -2.14115079e+13  1.04151780e+14 -1.66295669e+14
  2.36443681e+14 -2.89263614e+14  3.63631575e+14 -3.91603016e+14]
3.753562E-10 [ 1.20949234e+14  4.46227801e+14 -4.31740990e+14  4.41599937e+14
  4.36417369e+14 -4.08476460e+14  3.82328412e+14  3.30263556e+14
 -2.47513447e+14  1.99287561e+14 -1.21963250e+14  4.72852886e+13
  3.68652965e+13 -1.11508792e+14  1.96088763e+14 -2.56965061e+14
  3.22724866e+14 -3.67452928e+14  4.30640576e+14 -4.44017443e+14]
3.758543E-10 [ 1.20986719e+14  4.44814709e+14 -4.27452115e+14  4.32610322e+14
  4.20917478e+14 -3.84305120e+14  3.48162757e+14  2.85925628e+14
 -1.92498085e+14  1.34640403e+14 -4.87041750e+13 -3.27657400e+13
  1.21215325e+14 -1.97045640e+14  2.79503971e+14 -3.34463866e+14
  3.90547374e+14 -4.21586050e+14  4.67677793e+14 -4.60664025e+14]
3.763716E-10 [ 1.21028784e+14  4.43224800e+14 -4.22642062e+14  4.22573295e+14
  4.03717264e+14 -3.57705554e+14  3.10958571e+14  2.38263749e+14
 -1.34296138e+14  6.75514879e+13  2.55293293e+13 -1.11521301e+14
  2.01139160e+14 -2.74217336e+14  3.49856424e+14 -3.93660298e+14
  4.34415919e+14 -4.46173940e+14  4.69686629e+14 -4.37484517e+14]
3.769078E-10 [ 1.21075720e+14  4.41446173e+14 -4.17280401e+14  4.11441654e+14
  3.84773439e+14 -3.28688249e+14  2.70862731e+14  1.87665453e+14
 -7.36676489e+13 -7.27185967e+11  9.88707383e+13 -1.86418744e+14
  2.73351897e+14 -3.39079183e+14  4.02690315e+14 -4.29864163e+14
  4.49787031e+14 -4.37343063e+14  4.34053275e+14 -3.73824688e+14]
3.774626E-10 [ 1.21127816e+14  4.39466930e+14 -4.11337900e+14  3.99174048e+14
  3.64060038e+14 -2.97304126e+14  2.28098961e+14  1.34641560e+14
 -1.15486764e+13 -6.87236854e+13  1.69214283e+14 -2.54685599e+14
  3.34465004e+14 -3.87793479e+14  4.33998138e+14 -4.39321395e+14
  4.33699538e+14 -3.93581910e+14  3.61429229e+14 -2.73254544e+14]
3.780360E-10 [ 1.21185360e+14  4.37275253e+14 -4.04786880e+14  3.85736086e+14
  3.41570886e+14 -2.63648835e+14  1.82973198e+14  7.98294338e+13
  5.09542616e+13 -1.34771503e+14  2.34276378e+14 -3.13457277e+14
  3.81182871e+14 -4.16924999e+14  4.40629068e+14 -4.19733891e+14
  3.85384816e+14 -3.16387243e+14  2.56329438e+14 -1.43989691e+14]
3.786277E-10 [ 1.21248634e+14  4.34859479e+14 -3.97601603e+14  3.71101480e+14
  3.17322023e+14 -2.27866599e+14  1.35877314e+14  2.39921437e+13
  1.12578238e+14 -1.97049817e+14  2.91680073e+14 -3.59925946e+14
  4.10535430e+14 -4.23769016e+14  4.20710902e+14 -3.70750063e+14
  3.06771686e+14 -2.10689055e+14  1.27346881e+14  1.27776114e+12]
3.792375E-10 [ 1.21317916e+14  4.32208191e+14 -3.89758680e+14  3.55253213e+14
  2.91354036e+14 -1.90153437e+14  8.72907934e+13 -3.19872460e+13
  1.71927525e+14 -2.53639539e+14  3.39062038e+14 -3.91516397e+14
  4.20135287e+14 -4.06687808e+14  3.74042863e+14 -2.94358726e+14
  2.02789465e+14 -8.49295398e+13 -1.31615345e+13  1.46283923e+14]
3.798652E-10 [ 1.21393473e+14  4.29310311e+14 -3.81237506e+14  3.38184719e+14
  2.63734223e+14 -1.50759525e+14  3.77798760e+13 -8.71169678e+13
  2.27507506e+14 -3.02595131e+14  3.74199629e+14 -4.06081160e+14
  4.08442110e+14 -3.65423784e+14  3.02407605e+14 -1.95111850e+14
  8.13731721e+13  4.93113495e+13 -1.50015514e+14  2.72884271e+14]
3.805106E-10 [ 1.21475565e+14  4.26155207e+14 -3.72020710e+14  3.19901046e+14
  2.34558505e+14 -1.09990504e+14 -1.20062345e+13 -1.40313995e+14
  2.77769157e+14 -3.42031075e+14  3.95153369e+14 -4.02103319e+14
  3.75011559e+14 -3.01351109e+14  2.09746229e+14 -8.01037437e+13
 -4.69082556e+13  1.78208041e+14 -2.66792249e+14  3.63442285e+14]
3.811736E-10 [ 1.21564438e+14  4.22732807e+14 -3.62094625e+14  3.00419980e+14
  2.03952996e+14 -6.82074896e+13 -6.13425048e+13 -1.90428002e+14
  3.21163781e+14 -3.70220520e+14  4.00417708e+14 -3.78891812e+14
  3.20701686e+14 -2.17624540e+14  1.02142138e+14  4.13515820e+13
 -1.69643713e+14  2.87093595e+14 -3.47945648e+14  4.03656871e+14]
3.818538E-10 [ 1.21660324e+14  4.19033723e+14 -3.51449771e+14  2.79773103e+14
  1.72075132e+14 -2.58255669e+13 -1.09438854e+14 -2.36271914e+14
  3.56206924e+14 -3.85702161e+14  3.89070514e+14 -3.36750861e+14
  2.47807250e+14 -1.19185482e+14 -1.24297527e+13  1.58375159e+14
 -2.73779151e+14  3.62278424e+14 -3.81228033e+14  3.85399810e+14]
3.825512E-10 [ 1.21763436e+14  4.15049409e+14 -3.40081407e+14  2.58006876e+14
  1.39114475e+14  1.66891575e+13 -1.55454489e+14 -2.76658512e+14
  3.81549389e+14 -3.87389824e+14  3.60909692e+14 -2.77103540e+14
  1.60093380e+14 -1.25930866e+13 -1.24610917e+14  2.59497796e+14
 -3.47140425e+14  3.93082877e+14 -3.60050653e+14  3.09006642e+14]
3.832656E-10 [ 1.21873966e+14  4.10772416e+14 -3.27990341e+14  2.35184057e+14
  1.05293534e+14  5.88236115e+13 -1.98515410e+14 -3.10442207e+14
  3.96052762e+14 -3.74678546e+14  3.16564828e+14 -2.02550458e+14
  6.27053084e+13  9.43373651e+13 -2.24416661e+14  3.33891142e+14
 -3.80120337e+14  3.73790890e+14 -2.85333068e+14  1.84429279e+14]
3.839966E-10 [ 1.21992071e+14  4.06196702e+14 -3.15183816e+14  2.11385063e+14
  7.08679181e+13  1.00023991e+14 -2.37736291e+14 -3.36566412e+14
  3.98867419e+14 -3.47540398e+14  2.57570546e+14 -1.16844403e+14
 -3.80643842e+13  1.93091551e+14 -3.02204402e+14  3.72741012e+14
 -3.67305399e+14  3.05171694e+14 -1.66374754e+14  3.07471847e+13]
3.847442E-10 [ 1.22117875e+14  4.01317916e+14 -3.01676268e+14  1.86708819e+14
  3.61250667e+13  1.39705087e+14 -2.72247215e+14 -3.54115365e+14
  3.89508292e+14 -3.06599937e+14  1.86385656e+14 -2.47631426e+13
 -1.35159459e+14  2.75187006e+14 -3.49771773e+14  3.70592094e+14
 -3.08762607e+14  1.95197263e+14 -2.03532429e+13 -1.26235286e+14]
3.855082E-10 [ 1.22251454e+14  3.96133684e+14 -2.87490021e+14  1.61273226e+14
  1.38175986e+12  1.77262291e+14 -3.01224112e+14 -3.62367413e+14
  3.67922075e+14 -2.53178819e+14  1.06345180e+14  6.81276961e+13
 -2.21282419e+14  3.33021860e+14 -3.61458095e+14  3.26449762e+14
 -2.10693888e+14  5.86476907e+13  1.29746864e+14 -2.58187843e+14]
3.862883E-10 [ 1.22392835e+14  3.90643929e+14 -2.72655942e+14  1.35215236e+14
 -3.30196275e+13  2.12086114e+14 -3.23921873e+14 -3.60846729e+14
  3.34539503e+14 -1.89300053e+14  2.15366104e+13  1.55818919e+14
 -2.89523057e+14  3.60756103e+14 -3.35092918e+14  2.44416155e+14
 -8.52161536e+13 -8.45466047e+13  2.58661680e+14 -3.39659603e+14]
3.870843E-10 [ 1.22541986e+14  3.84851184e+14 -2.57214010e+14  1.08690442e+14
 -6.67162325e+13  2.43579044e+14 -3.39708872e+14 -3.49369937e+14
  2.90306197e+14 -1.17644082e+14 -6.34023175e+13  2.32293376e+14
 -3.34039406e+14  3.55115953e+14 -2.72624158e+14  1.33668809e+14
  5.08613289e+13 -2.12143490e+14  3.43355702e+14 -3.53656385e+14]
3.878961E-10 [ 1.22698807e+14  3.78760926e+14 -2.41213772e+14  8.18720902e+13
 -9.93312208e+13  2.71174361e+14 -3.48101234e+14 -3.28083785e+14
  2.36686034e+14 -4.14517999e+13 -1.43559057e+14  2.92022495e+14
 -3.50718541e+14  3.15999448e+14 -1.80274441e+14  7.66733811e+12
  1.78218822e+14 -3.03250073e+14  3.67692566e+14 -2.96078257e+14]
3.887234E-10 [ 1.22863122e+14  3.72381875e+14 -2.24714590e+14  5.49493762e+13
 -1.30481802e+14  2.94356420e+14 -3.48794876e+14 -2.97489769e+14
  1.75631922e+14  3.56263652e+13 -2.14080649e+14  3.30479593e+14
 -3.37732370e+14  2.46766311e+14 -6.81223229e+13 -1.17406713e+14
  2.77919009e+14 -3.42188821e+14  3.26240634e+14 -1.77730416e+14]
3.895661E-10 [ 1.23034687e+14  3.65725815e+14 -2.07784510e+14  2.81231486e+13
 -1.59790618e+14  3.12682886e+14 -3.41692661e+14 -2.58449407e+14
  1.09516675e+14  1.09735543e+14 -2.70546927e+14  3.44616062e+14
 -2.95899382e+14  1.54116194e+14  5.09229021e+13 -2.24831466e+14
  3.34569402e+14 -3.21783335e+14  2.26193601e+14 -2.30154285e+13]
3.904240E-10 [ 1.23213206e+14  3.58806787e+14 -1.90497501e+14  1.59908029e+12
 -1.86899324e+14  3.25805451e+14 -3.26920560e+14 -2.12163373e+14
  4.10223291e+13  1.77061997e+14 -3.09341612e+14  3.33227869e+14
 -2.28765199e+14  4.75067229e+13  1.62671691e+14 -2.99832768e+14
  3.39146629e+14 -2.45245597e+14  8.66676892e+13  1.34822793e+14]
3.912968E-10 [ 1.23398349e+14  3.51640429e+14 -1.72931184e+14 -2.44179682e+13
 -2.11479464e+14  3.33484246e+14 -3.04830568e+14 -1.60128546e+14
 -2.69962879e+13  2.34085958e+14 -3.27968277e+14  2.97150047e+14
 -1.42365196e+14 -6.18351968e+13  2.53505078e+14 -3.31929677e+14
  2.90855861e+14 -1.26086980e+14 -6.47334055e+13  2.61004474e+14]
3.921844E-10 [ 1.23589758e+14  3.44243649e+14 -1.55165462e+14 -4.97279090e+13
 -2.33240441e+14  3.35596670e+14 -2.75993008e+14 -1.04079238e+14
 -9.16605826e+13  2.77818532e+14 -3.25279427e+14  2.39254610e+14
 -4.46906188e+13 -1.62182281e+14  3.12241455e+14 -3.16706322e+14
  1.97590268e+14  1.40704692e+13 -1.97469021e+14  3.27352654e+14]
3.930865E-10 [ 1.23787059e+14  3.36634284e+14 -1.37281149e+14 -7.41391189e+13
 -2.51936130e+14  3.32141749e+14 -2.41178936e+14 -4.59147105e+13
 -1.50222401e+14  3.06006505e+14 -3.01597497e+14  1.64246282e+14
  5.50892993e+13 -2.42694770e+14  3.31730349e+14 -2.56669651e+14
  7.48184457e+13  1.49442257e+14 -2.84548463e+14  3.19202584e+14]
3.940031E-10 [ 1.23989865e+14  3.28830731e+14 -1.19358608e+14 -9.74717912e+13
 -2.67369945e+14  3.23239918e+14 -2.01333638e+14  1.23826062e+13
 -2.00212341e+14  3.17287305e+14 -2.58713239e+14  7.82719327e+13
  1.47561366e+14 -2.94737131e+14  3.09909790e+14 -1.60999121e+14
 -5.69601439e+13  2.55025470e+14 -3.08458935e+14  2.39208731e+14]
3.949338E-10 [ 1.24197787e+14  3.20851568e+14 -1.01476452e+14 -1.19560824e+14
 -2.79398178e+14  3.09128325e+14 -1.57542790e+14  6.88329677e+13
 -2.39571422e+14  3.11280787e+14 -1.99759874e+14 -1.16174031e+13
  2.24046808e+14 -3.12937711e+14  2.50144914e+14 -4.41951752e+13
 -1.75746718e+14  3.11508976e+14 -2.65102308e+14  1.06928036e+14]
3.958784E-10 [ 1.24410441e+14  3.12715316e+14 -8.37106713e+13 -1.40257747e+14
 -2.87931337e+14  2.90152366e+14 -1.10994192e+14  1.21542819e+14
 -2.66756297e+14  2.88610889e+14 -1.28975946e+14 -9.80933158e+13
  2.77503580e+14 -2.95841001e+14  1.60783816e+14  7.61583284e+13
 -2.61897289e+14  3.09093253e+14 -1.64756483e+14 -4.58267383e+13]
3.968369E-10 [ 1.24627438e+14  3.04440684e+14 -6.61348501e+13 -1.59431090e+14
 -2.92933737e+14  2.66755422e+14 -6.29393249e+13  1.68779706e+14
 -2.80812215e+14  2.50859847e+14 -5.13839531e+13 -1.74196717e+14
  3.03245778e+14 -2.46068120e+14  5.40013810e+13  1.82135530e+14
 -3.01564030e+14  2.49399491e+14 -2.98028743e+13 -1.82718998e+14]
3.978090E-10 [ 1.24848375e+14  2.96046834e+14 -4.88203803e+13 -1.76966838e+14
 -2.94422861e+14  2.39467317e+14 -1.46540122e+13  2.09039666e+14
 -2.81415173e+14  2.00462138e+14  2.75890726e+13 -2.33947659e+14
  2.99408750e+14 -1.69973120e+14 -5.58966156e+13  2.58263248e+14
 -2.89089118e+14  1.45070783e+14  1.10268761e+14 -2.71756130e+14]
3.987944E-10 [ 1.25072840e+14  2.87553282e+14 -3.18358433e+13 -1.92769689e+14
 -2.92468247e+14  2.08889919e+14  3.26033586e+13  2.41106183e+14
 -2.68880349e+14  1.40541641e+14  1.02523365e+14 -2.72863245e+14
  2.67106886e+14 -7.68334153e+13 -1.54468000e+14  2.93909087e+14
 -2.27900172e+14  1.71350425e+13  2.25440619e+14 -2.93038249e+14]
3.997930E-10 [ 1.25300413e+14  2.78979714e+14 -1.52462990e+13 -2.06764091e+14
 -2.87189203e+14  1.75680593e+14  7.76326875e+13  2.64095213e+14
 -2.44134167e+14  7.47037427e+13  1.68412814e+14 -2.88327981e+14
  2.10263122e+14  2.23182106e+13 -2.29124621e+14  2.84855713e+14
 -1.29737971e+14 -1.09309140e+14  2.91789624e+14 -2.43393384e+14]
4.008046E-10 [ 1.25530669e+14  2.70345810e+14  8.87351807e+11 -2.18894874e+14
 -2.78751347e+14  1.40534346e+14  1.19329881e+14  2.77483631e+14
 -2.08652171e+14  6.79890751e+12  2.21029793e+14 -2.79780484e+14
  1.35134497e+14  1.16059307e+14 -2.70818266e+14  2.33804948e+14
 -1.23849530e+13 -2.10151531e+14  2.96606044e+14 -1.36746801e+14]
4.018290E-10 [ 1.25763183e+14  2.61671082e+14  1.65089089e+13 -2.29127446e+14
 -2.67362138e+14  1.04165353e+14  1.56719819e+14  2.81120047e+14
 -1.64367577e+14 -5.93238138e+13  2.57217563e+14 -2.48702145e+14
  4.95961278e+13  1.93955653e+14 -2.75176244e+14  1.49750946e+14
  1.03642930e+14 -2.66994864e+14  2.40851146e+14 -2.23561255e+11]
4.028660E-10 [ 1.25997526e+14  2.52974861e+14  3.15670485e+13 -2.37447432e+14
 -2.53265790e+14  6.72892298e+13  1.88982692e+14  2.75218098e+14
 -1.13558128e+14 -1.20053643e+14  2.75086878e+14 -1.98416066e+14
 -3.77245325e+13  2.47768544e+14 -2.42934981e+14  4.63645587e+13
  1.98785922e+14 -2.70567710e+14  1.38468383e+14  1.32889412e+14]
4.039155E-10 [ 1.26233264e+14  2.44276491e+14  4.60151646e+13 -2.43859977e+14
 -2.36738125e+14  3.06067813e+13  2.15473431e+14  2.60334455e+14
 -5.87199928e+13 -1.72228997e+14  2.74106072e+14 -1.33726100e+14
 -1.18358241e+14  2.72343770e+14 -1.79639273e+14 -6.03017582e+13
  2.57812201e+14 -2.22174555e+14  1.28325589e+13  2.31419363e+14]
4.049771E-10 [ 1.26469949e+14  2.35595388e+14  5.98114474e+13 -2.48389155e+14
 -2.18081083e+14 -5.21174524e+12  2.35735339e+14  2.37333531e+14
 -2.43471822e+12 -2.13311980e+14  2.55083632e+14 -6.04363120e+13
 -1.84850141e+14  2.66086677e+14 -9.46834757e+13 -1.54386623e+14
  2.72271702e+14 -1.32975728e+14 -1.08731903e+14  2.73698051e+14]
4.060507E-10 [ 1.26707126e+14  2.26950943e+14  7.29192060e+13 -2.51077299e+14
 -1.97616627e+14 -3.95417861e+13  2.49507290e+14  2.07339898e+14
  5.27639803e+13 -2.41515747e+14  2.20047444e+14  1.52002173e+13
 -2.31469777e+14  2.30979853e+14  1.39571388e+11 -2.22638939e+14
  2.41625281e+14 -2.13453077e+13 -2.01032336e+14  2.52265230e+14]
4.071362E-10 [ 1.26944330e+14  2.18362420e+14  8.53071484e+13 -2.51984052e+14
 -1.75680334e+14 -7.18178800e+13  2.56723666e+14  1.71680992e+14
  1.04514970e+14 -2.55876503e+14  1.72034627e+14  8.70459598e+13
 -2.54701052e+14  1.72162801e+14  9.23456982e+13 -2.56294454e+14
  1.72911821e+14  9.10497543e+13 -2.46281399e+14  1.74863084e+14]
4.082332E-10 [ 1.27181091e+14  2.09848842e+14  9.69496000e+13 -2.51185173e+14
 -1.52614864e+14 -1.01544962e+14  2.57507250e+14  1.31823343e+14
  1.50738839e+14 -2.56267607e+14  1.14814093e+14  1.49601182e+14
 -2.53469440e+14  9.71524985e+13  1.70460213e+14 -2.52136343e+14
  7.91034920e+13  1.83574301e+14 -2.37429747e+14  6.17115083e+13]
4.093417E-10 [ 1.27416934e+14  2.01428887e+14  1.07826653e+14 -2.48771091e+14
 -1.28763481e+14 -1.28307219e+14  2.52155656e+14  8.93058199e+13
  1.89725634e+14 -2.43357895e+14  5.25689393e+13  1.98435714e+14
 -2.29097521e+14  1.48272142e+13  2.25467642e+14 -2.12622893e+14
 -2.34628584e+13  2.40454091e+14 -1.78951815e+14 -6.00027390e+13]
4.104614E-10 [ 1.27651383e+14  1.93120791e+14  1.17924242e+14 -2.44845278e+14
 -1.04463795e+14 -1.51774309e+14  2.41122123e+14  4.56733738e+13
  2.20197130e+14 -2.18520596e+14 -1.04322707e+13  2.30494564e+14
 -1.85012656e+14 -6.56808304e+13  2.51821157e+14 -1.45131368e+14
 -1.18046139e+14  2.53382314e+14 -8.51094135e+13 -1.62863796e+14]
4.115921E-10 [ 1.27883960e+14  1.84942242e+14  1.27234161e+14 -2.39522444e+14
 -8.00418503e+13 -1.71704877e+14  2.24991764e+14  2.41451788e+12
  2.41341536e+14 -1.83702569e+14 -7.01473021e+13  2.44257294e+14
 -1.26257933e+14 -1.36037638e+14  2.47903530e+14 -6.05110277e+13
 -1.90292941e+14  2.22490557e+14  2.37118795e+13 -2.25464003e+14]
4.127337E-10 [ 1.28114192e+14  1.76910279e+14  1.35754021e+14 -2.32926613e+14
 -5.58066912e+13 -1.87947385e+14  2.04454425e+14 -3.90946090e+13
  2.52820403e+14 -1.41265926e+14 -1.23030656e+14  2.39747521e+14
 -5.88762642e+13 -1.89577719e+14  2.15922295e+14  2.87643589e+13
 -2.30382999e+14  1.55643691e+14  1.25621832e+14 -2.36703016e+14]
4.138859E-10 [ 1.28341607e+14  1.69041184e+14  1.43487136e+14 -2.25189089e+14
 -3.20455323e+13 -2.00438324e+14  1.80275482e+14 -7.76372122e+13
  2.54749273e+14 -9.38153650e+13 -1.66243636e+14  2.18404485e+14
  1.07537979e+13 -2.21901184e+14  1.61306991e+14  1.10516149e+14
 -2.34216026e+14  6.63615729e+13  2.01715798e+14 -1.97334298e+14]
4.150485E-10 [ 1.28565744e+14  1.61350351e+14  1.50442383e+14 -2.16446348e+14
 -9.01953143e+12 -2.09198062e+14  1.53265765e+14 -1.12192306e+14
  2.47655298e+14 -4.40243545e+13 -1.97792335e+14  1.82841504e+14
  7.65541428e+13 -2.31151250e+14  9.17422810e+13  1.74547331e+14
 -2.03535397e+14 -2.90878856e+13  2.39501387e+14 -1.18700654e+14]
4.162213E-10 [ 1.28786173e+14  1.53851542e+14  1.56634508e+14 -2.06837135e+14
  1.30414595e+13 -2.14325002e+14  1.24249675e+14 -1.41961992e+14
  2.32415124e+14  5.53136541e+12 -2.16590645e+14  1.36521786e+14
  1.33294010e+14 -2.17971326e+14  1.60033512e+13  2.13865921e+14
 -1.45083062e+14 -1.14786241e+14  2.34670506e+14 -1.92697545e+13]
4.174042E-10 [ 1.29002527e+14  1.46555717e+14  1.62084413e+14 -1.96498501e+14
  3.39442737e+13 -2.15986405e+14  9.40322205e+13 -1.66386017e+14
  2.10174488e+14  5.25208957e+13 -2.22443589e+14  8.33863560e+13
  1.76992390e+14 -1.85171761e+14 -5.72250235e+13  2.25299200e+14
 -6.90337407e+13 -1.77840276e+14  1.91035336e+14  7.99772072e+13]
4.185970E-10 [ 1.29214524e+14  1.39470565e+14  1.66818480e+14 -1.85562333e+14
  5.35342726e+13 -2.14405443e+14  6.33714689e+13 -1.85138334e+14
  1.82259006e+14  9.49669461e+13 -2.15956684e+14  2.74858946e+13
  2.05135202e+14 -1.37186040e+14 -1.20361004e+14  2.09472274e+14
  1.29145707e+13 -2.10167066e+14  1.18891581e+14  1.60082091e+14]
4.197994E-10 [ 1.29421962e+14  1.32600625e+14  1.70867371e+14 -1.74152963e+14
  7.16941719e+13 -2.09847188e+14  3.29586849e+13 -1.98109847e+14
  1.50087801e+14  1.31311807e+14 -1.98395496e+14 -2.73408371e+13
  2.16713210e+14 -7.94266779e+13 -1.67651157e+14  1.70262532e+14
  8.94068925e+13 -2.09201852e+14  3.24023655e+13  2.07579418e+14]
4.210112E-10 [ 1.29624720e+14  1.25947464e+14  1.74264840e+14 -1.62385313e+14
  8.83416689e+13 -2.02605019e+14  3.40466127e+12 -2.05382811e+14
  1.15095549e+14  1.60445462e+14 -1.71518650e+14 -7.77204327e+13
  2.12112016e+14 -1.76366704e+13 -1.95566869e+14  1.13905071e+14
  1.50963518e+14 -1.77596022e+14 -5.33217990e+13  2.16357213e+14]
4.222323E-10 [ 1.29822750e+14  1.19510026e+14  1.77046540e+14 -1.50363817e+14
  1.03425865e+14 -1.92988251e+14 -2.47675071e+13 -2.07199936e+14
  7.86675334e+13  1.81700275e+14 -1.37404108e+14 -1.20918131e+14
  1.92893516e+14  4.26867526e+13 -2.02881859e+14  4.79400894e+13
  1.91001898e+14 -1.22141093e+14 -1.24849210e+14  1.87822781e+14]
4.234624E-10 [ 1.30016054e+14  1.13285404e+14  1.79248815e+14 -1.38182682e+14
  1.16922302e+14 -1.81312239e+14 -5.11227637e+13 -2.03931867e+14
  4.20916388e+13  1.94819390e+14 -9.82871235e+13 -1.54930087e+14
  1.61515246e+14  9.67437828e+13 -1.90486022e+14 -1.98211189e+13
  2.06295806e+14 -5.22466460e+13 -1.72346365e+14  1.29665697e+14]
4.247014E-10 [ 1.30204670e+14  1.07269516e+14  1.80907867e+14 -1.25926591e+14
  1.28828474e+14 -1.67891011e+14 -7.53112309e+13 -1.96046976e+14
  6.52442268e+12  1.99910654e+14 -5.64190906e+13 -1.78509753e+14
  1.21029168e+14  1.40744252e+14 -1.61016892e+14 -8.21888471e+13
  1.96929526e+14  2.17064179e+13 -1.90616674e+14  5.37229847e+13]
4.259491E-10 [ 1.30388664e+14  1.01457310e+14  1.82059276e+14 -1.13670878e+14
  1.39160539e+14 -1.53030977e+14 -9.70647221e+13 -1.84083400e+14
 -2.70330935e+13  1.97391915e+14 -1.39479555e+13 -1.91142157e+14
  7.47846999e+13  1.72084037e+14 -1.18380208e+14 -1.33277107e+14
  1.65850623e+14  8.98850032e+13 -1.79265334e+14 -2.65186481e+13]
4.272053E-10 [ 1.30568128e+14  9.58428801e+13  1.82737617e+14 -1.01481711e+14
  1.47950284e+14 -1.37025776e+14 -1.16191562e+14 -1.68623288e+14
 -5.77493546e+13  1.87930579e+14  2.71759564e+13 -1.92975412e+14
  2.61582119e+13  1.89392987e+14 -6.72269943e+13 -1.68935815e+14
  1.18149693e+14  1.44206522e+14 -1.42124006e+14 -9.82940084e+13]
4.284697E-10 [ 1.30743179e+14  9.04196381e+13  1.82976136e+14 -8.94165559e+13
  1.55242111e+14 -1.20152503e+14 -1.32569715e+14 -1.50270099e+14
 -8.49665247e+13  1.72381797e+14  6.52669912e+13 -1.84722164e+14
 -2.16739872e+13  1.92474182e+14 -1.24479116e+13 -1.86931984e+14
  6.02077032e+13  1.79120468e+14 -8.61607792e+13 -1.51436543e+14]
4.297421E-10 [ 1.30913937e+14  8.51808733e+13  1.82806504e+14 -7.75256637e+13
  1.61089788e+14 -1.02670428e+14 -1.46137976e+14 -1.29630867e+14
 -1.08195304e+14  1.51730547e+14  9.89432158e+13 -1.67545255e+14
 -6.59073631e+13  1.82162290e+14  4.12661692e+13 -1.86909783e+14
 -1.15797952e+12  1.91946651e+14 -2.01359516e+13 -1.79555526e+14]
4.310225E-10 [ 1.31080513e+14  8.01203682e+13  1.82258820e+14 -6.58538740e+13
  1.65553964e+14 -8.48214095e+13 -1.56887746e+14 -1.07303404e+14
 -1.27105344e+14  1.27041290e+14  1.27144636e+14 -1.42941565e+14
 -1.04228301e+14  1.60134384e+14  8.97741893e+13 -1.70185177e+14
 -5.94547040e+13  1.82824145e+14  4.67624887e+13 -1.80480785e+14]
4.323105E-10 [ 1.31242993e+14  7.52325492e+13  1.81361776e+14 -5.44414399e+13
  1.68700864e+14 -6.68296799e+13 -1.64856887e+14 -8.38651506e+13
 -1.41515234e+14  9.94126459e+13  1.49138392e+14 -1.12627677e+14
 -1.34890072e+14  1.28693530e+14  1.29742875e+14 -1.39424170e+14
 -1.09132323e+14  1.54349977e+14  1.06136998e+14 -1.56049287e+14]
4.336060E-10 [ 1.31401451e+14  7.05124508e+13  1.80142814e+14 -4.33243838e+13
  1.70601380e+14 -4.89013043e+13 -1.70124263e+14 -5.98633244e+13
 -1.51380806e+14  6.99365264e+13  1.64511138e+14 -7.84301727e+13
 -1.56746951e+14  9.05403552e+13  1.58807408e+14 -9.82473934e+13
 -1.46020593e+14  1.10994077e+14  1.51326773e+14 -1.11367389e+14]
4.349088E-10 [ 1.31555940e+14  6.59556499e+13  1.78628275e+14 -3.25347327e+13
  1.71330284e+14 -3.12237161e+13 -1.72804430e+14 -3.58066684e+13
 -1.56781453e+14  3.96624766e+13  1.73149688e+14 -4.21848710e+13
 -1.69249640e+14  4.85489455e+13  1.75636297e+14 -5.08060085e+13
 -1.67570287e+14  5.83894642e+13  1.78007901e+14 -5.37325582e+13]
4.362187E-10 [ 1.31706510e+14  6.15579531e+13  1.76843422e+14 -2.21001177e+13
  1.70965495e+14 -1.39644362e+13 -1.73042465e+14 -1.21574852e+13
 -1.57905026e+14  9.56599932e+12  1.75212324e+14 -5.64645684e+12
 -1.72407923e+14  5.55867300e+12  1.79910120e+14 -1.36699387e+12
 -1.72905084e+14  2.59146768e+12  1.84429195e+14  8.58974595e+12]
4.375355E-10 [ 1.31853216e+14  5.73150103e+13  1.74812311e+14 -1.20431628e+13
  1.69587006e+14  2.73037476e+12 -1.71008094e+14  1.06751974e+13
 -1.55030271e+14 -1.94777939e+13  1.71090710e+14  2.95876945e+13
 -1.66723875e+14 -3.58057175e+13  1.72223830e+14  4.60570240e+13
 -1.62702087e+14 -5.06080995e+13  1.71304695e+14  6.75476556e+13]
4.388589E-10 [ 1.31996124e+14  5.32222141e+13  1.72557672e+14 -2.38155540e+12
  1.67275624e+14  1.87359539e+13 -1.66889394e+14  3.23390208e+13
 -1.48507699e+14 -4.67117689e+13  1.61365356e+14  6.21333650e+13
 -1.53103767e+14 -7.32721955e+13  1.53931582e+14  8.80009729e+13
 -1.38939015e+14 -9.62372842e+13  1.41429813e+14  1.16282618e+14]
4.401889E-10 [ 1.32135313e+14  4.92747441e+13  1.70100865e+14  6.87152227e+12
  1.64111827e+14  3.39480576e+13 -1.60886902e+14  5.25389665e+13
 -1.38740878e+14 -7.15064660e+13  1.46759427e+14  9.08553188e+13
 -1.32759951e+14 -1.05014783e+14  1.26958914e+14  1.21750250e+14
 -1.04559087e+14 -1.30531868e+14  9.91184022e+13  1.49812521e+14]
4.415252E-10 [ 1.32270868e+14  4.54676088e+13  1.67461844e+14  1.57069540e+13
  1.60174792e+14  4.82818038e+13 -1.53208347e+14  7.10363720e+13
 -1.26168981e+14 -9.33636669e+13  1.28093716e+14  1.14885651e+14
 -1.07110902e+14 -1.29704778e+14  9.36029900e+13  1.45453264e+14
 -6.31004815e+13 -1.51145317e+14  4.95577059e+13  1.65385628e+14]
4.428675E-10 [ 1.32402884e+14  4.17956863e+13  1.64659150e+14  2.41192523e+13
  1.55541585e+14  6.16703090e+13 -1.44064046e+14  8.76466162e+13
 -1.11250992e+14 -1.11914790e+14  1.06244668e+14  1.33626854e+14
 -7.76856573e+13 -1.46524045e+14  5.63377905e+13  1.58150464e+14
 -1.83304377e+13 -1.57191137e+14 -1.83272615e+12  1.62520153e+14]
4.442158E-10 [ 1.32531462e+14  3.82537607e+13  1.61709911e+14  3.21061303e+13
  1.50286502e+14  7.40631876e+13 -1.33662962e+14  1.02235788e+14
 -9.44518416e+13 -1.26915126e+14  8.21067915e+13  1.46742240e+14
 -4.60373058e+13 -1.55146384e+14  1.76372765e+13  1.59732517e+14
  2.60845176e+13 -1.49143300e+14 -4.99699630e+13  1.42780252e+14]
4.455698E-10 [ 1.32656709e+14  3.48365549e+13  1.58629858e+14  3.96680923e+13
  1.44480558e+14  8.54249766e+13 -1.22209438e+14  1.14716625e+14
 -7.62305910e+13 -1.38234909e+14  5.65603040e+13  1.54136510e+14
 -1.36686389e+13 -1.55693941e+14 -2.01745237e+13  1.50843588e+14
  6.68505618e+13 -1.28629358e+14 -9.05581319e+13  1.09360471e+14]
4.469293E-10 [ 1.32778740e+14  3.15387593e+13  1.55433348e+14  4.68080440e+13
  1.38191091e+14  9.57335296e+13 -1.09900543e+14  1.25043979e+14
 -5.70306920e+13 -1.45848146e+14  3.04444071e+13  1.55929225e+14
  1.80282800e+13 -1.48675808e+14 -5.50413614e+13  1.32746776e+14
  1.01248675e+14 -9.81542052e+13 -1.20396060e+14  6.65582539e+13]
4.482941E-10 [ 1.32897672e+14  2.83550654e+13  1.52133411e+14  5.35309073e+13
  1.31481507e+14  1.04978396e+14 -9.69240545e+13  1.33209996e+14
 -3.72723042e+13 -1.49820023e+14  4.53632573e+12  1.52423713e+14
  4.78179908e+13 -1.34915659e+14 -8.52586812e+13  1.07168249e+14
  1.27263160e+14 -6.07912470e+13 -1.37537390e+14  1.92105565e+13]
4.496640E-10 [ 1.33013625e+14  2.52802345e+13  1.48741840e+14  5.98431835e+13
  1.24411220e+14  1.13159147e+14 -8.34571365e+13  1.39239169e+14
 -1.73467566e+13 -1.50293647e+14 -2.04638742e+13  1.44073829e+14
  7.46530987e+13 -1.15474765e+14 -1.09524350e+14  7.61351359e+13
  1.43639788e+14 -1.98735268e+13 -1.41314245e+14 -2.78405262e+13]
4.510389E-10 [ 1.33126719e+14  2.23091602e+13  1.45269300e+14  6.57525632e+13
  1.17035709e+14  1.20283848e+14 -6.96655598e+13  1.43183644e+14
  2.38726095e+12 -1.47476987e+14 -4.39435250e+13  1.31450682e+14
  9.76930248e+13 -9.15755751e+13 -1.26959968e+14  4.18191102e+13
  1.49882766e+14  2.12902022e+13 -1.32247267e+14 -7.02058372e+13]
4.524185E-10 [ 1.33237072e+14  1.94368851e+13  1.41725410e+14  7.12676646e+13
  1.09406584e+14  1.26367776e+14 -5.57031398e+13  1.45118902e+14
  2.16063452e+13 -1.41630334e+14 -6.53836803e+13  1.15210395e+14
  1.16312045e+14 -6.45290661e+13 -1.37107261e+14  6.39365422e+12
  1.46201676e+14  5.96577712e+13 -1.11869175e+14 -1.04301665e+14]
4.538026E-10 [ 1.33344802e+14  1.66586034e+13  1.38118800e+14  7.63978210e+13
  1.01571656e+14  1.31432275e+14 -4.17114297e+13  1.45139726e+14
  4.00239148e+13 -1.33054402e+14 -8.43618672e+13  9.60637763e+13
  1.30097948e+14 -3.56685251e+13 -1.39903741e+14 -2.80888319e+13
  1.33419999e+14  9.26430868e+13 -8.24903743e+13 -1.27581638e+14]
4.551910E-10 [ 1.33450021e+14  1.39697466e+13  1.34457286e+14  8.11527391e+13
  9.35752943e+13  1.35503567e+14 -2.78200959e+13  1.43356506e+14
  5.73901871e+13 -1.22079594e+14 -1.00551212e+14  7.47492848e+13
  1.38842577e+14 -6.29262031e+12 -1.35642359e+14 -5.97951980e+13
  1.12858014e+14  1.18246796e+14 -4.69359026e+13 -1.38646319e+14]
4.565836E-10 [ 1.33552827e+14  1.13662473e+13  1.30748320e+14  8.55419107e+13
  8.54594349e+13  1.38611583e+14 -1.41484783e+13  1.39892380e+14
  7.34903261e+13 -1.09057542e+14 -1.13716532e+14  5.20110531e+13
  1.42526822e+14  2.23799764e+13 -1.24921650e+14 -8.71829946e+13
  8.62041897e+13  1.35129287e+14 -8.28145299e+12 -1.37243012e+14]
4.579801E-10 [ 1.33653294e+14  8.84471132e+12  1.26999400e+14  8.95743183e+13
  7.72644941e+13  1.40789460e+14 -8.06855547e+11  1.34881487e+14
  8.81430846e+13 -9.43543462e+13 -1.23710539e+14  2.85800710e+13
  1.41303975e+14  4.92479326e+13 -1.08591628e+14 -1.09050818e+14
  5.53836739e+13  1.42636074e+14  3.03958434e+13 -1.24177765e+14]
4.593803E-10 [ 1.33751476e+14  6.40238439e+12  1.23218197e+14  9.32585572e+13
  6.90296590e+13  1.42073539e+14  1.21034425e+13  1.28467445e+14
  1.01200779e+14 -7.83436704e+13 -1.30470468e+14  5.15598443e+12
  1.35481041e+14  7.33592040e+13 -8.76951236e+13 -1.24570058e+14
  2.24262718e+13  1.40780201e+14  6.62429016e+13 -1.01154565e+14]
4.607841E-10 [ 1.33847403e+14  4.03708008e+12  1.19412611e+14  9.66030309e+13
  6.07929735e+13  1.42503424e+14  2.44902597e+13  1.20801758e+14
  1.12549385e+14 -6.13998514e+13 -1.34013755e+14 -1.76095696e+13
  1.25497128e+14  9.39357175e+13 -6.34059326e+13 -1.33296288e+14
 -1.06597552e+13  1.30184397e+14  9.68191364e+13 -7.05589338e+13]
4.621913E-10 [ 1.33941101e+14  1.74682381e+12  1.15590331e+14  9.96165314e+13
  5.25903331e+13  1.42122008e+14  3.62724184e+13  1.12041101e+14
  1.22109686e+14 -4.38890332e+13 -1.34432649e+14 -3.91302765e+13
  1.11897831e+14  1.10392260e+14 -3.69630789e+13 -1.35161398e+14
 -4.20057271e+13  1.11987704e+14  1.20241292e+14 -3.52035498e+13]
4.636015E-10 [ 1.34032613e+14 -4.70719567e+11  1.11757904e+14  1.02308912e+14
  4.44534676e+13  1.40974763e+14  4.73824740e+13  1.02342641e+14
  1.29837787e+14 -2.61581955e+13 -1.31885231e+14 -5.89013570e+13
  9.53036184e+13  1.22345531e+14 -9.60276039e+12 -1.30442478e+14
 -6.99844839e+13  8.77195185e+13  1.35271821e+14  1.94339746e+12]
4.650148E-10 [ 1.34122007e+14 -2.61847685e+12  1.07920236e+14  1.04691079e+14
  3.64089747e+13  1.39108330e+14  5.77672296e+13  9.18596952e+13
  1.35722146e+14 -8.52724545e+12 -1.26582608e+14 -7.65075901e+13
  7.63774194e+13  1.29607748e+14  1.75000931e+13 -1.19709417e+14
 -9.32799005e+13  5.91584596e+13  1.41339566e+14  3.80090258e+13]
4.664308E-10 [ 1.34209376e+14 -4.69990279e+12  1.04080583e+14  1.06774567e+14
  2.84784877e+13  1.36569152e+14  6.73863723e+13  8.07389831e+13
  1.39778678e+14  8.71474112e+12 -1.18775785e+14 -9.16237906e+13
  5.57967233e+13  1.32169659e+14  4.32752001e+13 -1.03763056e+14
 -1.10923064e+14  2.81964577e+13  1.38505034e+14  7.04198065e+13]
4.678493E-10 [ 1.34294836e+14 -6.71882431e+12  1.00240742e+14  1.08571051e+14
  2.06793052e+13  1.33402418e+14  7.62104558e+13  6.91191301e+13
  1.42045596e+14  2.53105628e+13 -1.08743899e+14 -1.04010869e+14
  3.42311513e+13  1.30178365e+14  6.67865899e+13 -8.35720681e+13
 -1.22301777e+14 -3.28174024e+12  1.27387407e+14  9.70513188e+13]
4.692703E-10 [ 1.34378493e+14 -8.67882107e+12  9.64021796e+13  1.10091559e+14
  1.30269399e+13  1.29652209e+14  8.42169173e+13  5.71328542e+13
  1.42578528e+14  4.10305668e+13 -9.67871177e+13 -1.13507207e+14
  1.23303451e+13  1.23914663e+14  8.72459200e+13 -6.02186203e+13
 -1.27148624e+14 -3.34918803e+13  1.09071932e+14  1.16319408e+14]
4.706933E-10 [ 1.34460419e+14 -1.05826047e+13  9.25673707e+13  1.11346088e+14
  5.53783707e+12  1.25362908e+14  9.13870414e+13  4.49107621e+13
  1.41448721e+14  5.56680638e+13 -8.32244584e+13 -1.20022798e+14
 -9.28284916e+12  1.13776556e+14  1.04020957e+14 -3.48541054e+13
 -1.25523935e+14 -6.08247128e+13  8.50147403e+13  1.27233648e+14]
4.721184E-10 [ 1.34540652e+14 -1.24319376e+13  8.87401774e+13  1.12343879e+14
 -1.77002260e+12  1.20580280e+14  9.77059557e+13  3.25823524e+13
  1.38743337e+14  6.90398585e+13 -6.83905750e+13 -1.23538380e+14
 -3.00236706e+13  1.00264081e+14  1.16647721e+14 -8.65276351e+12
 -1.17794944e+14 -8.39161888e+13  5.69376379e+13  1.29423424e+14]
4.735452E-10 [ 1.34619189e+14 -1.42277278e+13  8.49258659e+13  1.13093849e+14
 -8.87732309e+12  1.15352118e+14  1.03163576e+14  2.02755273e+13
  1.34565797e+14  8.09887393e+13 -5.26308343e+13 -1.24104989e+14
 -4.93588028e+13  8.39614138e+13  1.24840274e+14  1.72368329e+13
 -1.04604151e+14 -1.01706821e+14  2.67116624e+13  1.23127291e+14]
4.749736E-10 [ 1.34696010e+14 -1.59703614e+13  8.11305804e+13  1.13605062e+14
 -1.57646600e+13  1.09727973e+14  1.07756297e+14  8.11398830e+12
  1.29035049e+14  9.13877063e+13 -3.62932422e+13 -1.21842092e+14
 -6.68219218e+13  6.55137442e+13  1.28495698e+14  4.17426541e+13
 -8.68237942e+13 -1.13486167e+14 -3.76839893e+12  1.09141955e+14]
4.764034E-10 [ 1.34771098e+14 -1.76603950e+13  7.73599139e+13  1.13887075e+14
 -2.24152816e+13  1.03757014e+14  1.11488941e+14 -3.78841836e+12
  1.22281833e+14  1.00145084e+14 -1.97153301e+13 -1.16930948e+14
 -8.20303184e+13  4.55957026e+13  1.27689169e+14  6.39206836e+13
 -6.54921070e+13 -1.18914385e+14 -3.27134927e+13  8.87256338e+13]
4.778344E-10 [ 1.34844468e+14 -1.92989665e+13  7.36179263e+13  1.13949805e+14
 -2.88166692e+13  9.74858432e+13  1.14374622e+14 -1.53315197e+13
  1.14443203e+14  1.07204990e+14 -3.21281198e+12 -1.09602247e+14
 -9.46926948e+13  2.48795537e+13  1.22654150e+14  8.29911506e+13
 -4.17408138e+13 -1.18009228e+14 -5.85483578e+13  6.34667696e+13]
4.792663E-10 [ 1.34916157e+14 -2.08877655e+13  6.99070937e+13  1.13803183e+14
 -3.49603024e+13  9.09576389e+13  1.16433055e+14 -2.64290874e+13
  1.05658254e+14  1.12543696e+14  1.29260362e+13 -1.00123045e+14
 -1.04607532e+14  4.01128027e+12  1.13755219e+14  9.83551907e+13
 -1.67294479e+13 -1.11107859e+14 -7.99843005e+13  3.51460853e+13]
4.806990E-10 [ 1.34986226e+14 -2.24289436e+13  6.62284142e+13  1.13456843e+14
 -4.08411218e+13  8.42117267e+13  1.17688777e+14 -3.70081516e+13
  9.60647646e+13  1.16165128e+14  2.84433159e+13 -8.87847545e+13
 -1.11657435e+14 -1.64074015e+13  1.01459225e+14  1.09598938e+14
  8.41096749e+12 -9.88154011e+13 -9.60621197e+13  5.60564821e+12]
4.821324E-10 [ 1.35054746e+14 -2.39248312e+13  6.25820092e+13  1.12919909e+14
 -4.64562171e+13  7.72842561e+13  1.18169425e+14 -4.70065804e+13
  8.57979395e+13  1.18095911e+14  4.31106506e+13 -7.58942878e+13
 -1.15800550e+14 -3.58291990e+13  8.63089826e+13  1.16487146e+14
  3.26203124e+13 -8.19490091e+13 -1.06167363e+14 -2.33628273e+13]
4.835661E-10 [ 1.35121786e+14 -2.53776078e+13  5.89679213e+13  1.12201022e+14
 -5.18034016e+13  7.02095898e+13  1.17904780e+14 -5.63703146e+13
  7.49909753e+13  1.18381814e+14  5.67268369e+13 -6.17687761e+13
 -1.17062853e+14 -5.37667002e+13  6.89020100e+13  1.18953157e+14
  5.49406541e+13 -6.14846860e+13 -1.10028410e+14 -5.01091411e+13]
4.850000E-10 [ 1.35187403e+14 -2.67892074e+13  5.53863966e+13  1.11308444e+14
 -5.68807545e+13  6.30209214e+13  1.16926539e+14 -6.50523671e+13
  6.37749585e+13  1.17085814e+14  6.91175697e+13 -4.67304160e+13
 -1.15532416e+14 -6.97986121e+13  4.98703210e+13  1.17088225e+14
  7.45437549e+13 -3.85041252e+13 -1.07703539e+14 -7.32025184e+13]
4.864339E-10 [ 1.35251647e+14 -2.81613386e+13  5.18378927e+13  1.10250136e+14
 -6.16866234e+13  5.57503780e+13  1.15268217e+14 -7.30126637e+13
  5.22781215e+13  1.14286509e+14  8.01360681e+13 -3.11008788e+13
 -1.11353643e+14 -8.35755910e+13  2.98601550e+13  1.11127813e+14
  9.07535561e+13 -1.41409157e+13 -9.95551719e+13 -9.14936827e+13]
4.878676E-10 [ 1.35314558e+14 -2.94954936e+13  4.83231050e+13  1.09033842e+14
 -6.62196096e+13  4.84291417e+13  1.12965084e+14 -8.02178749e+13
  4.06251836e+13  1.10076555e+14  8.96633791e+13 -1.51961440e+13
 -1.04720968e+14 -9.48241066e+13  9.51288061e+12  1.01434597e+14
  1.03061567e+14  1.04711184e+13 -8.62122497e+13 -1.04157466e+14]
4.893010E-10 [ 1.35376170e+14 -3.07929373e+13  4.48430446e+13  1.07667182e+14
 -7.04785061e+13  4.10876623e+13  1.10054157e+14 -8.66411944e+13
  2.89368918e+13  1.04561205e+14  9.76083412e+13  6.78068051e+11
 -9.58722884e+13 -1.03348403e+14 -1.05524074e+13  8.84790746e+13
  1.11135267e+14  3.42454991e+13 -6.85236113e+13 -1.10715648e+14]
4.907337E-10 [ 1.35436505e+14 -3.20547053e+13  4.13990950e+13  1.06157766e+14
 -7.44622949e+13  3.37558113e+13  1.06574244e+14 -9.22622584e+13
  1.73294998e+13  9.78569402e+13  1.03907515e+14  1.62306239e+13
 -8.50821642e+13 -1.09031040e+14 -2.97548448e+13  7.28183825e+13
  1.14820279e+14  5.61858400e+13 -4.75048854e+13 -1.11041139e+14]
4.921656E-10 [ 1.35495576e+14 -3.32816220e+13  3.79930070e+13  1.04513269e+14
 -7.81702350e+13  2.64628806e+13  1.02565942e+14 -9.70672228e+13
  5.91401715e+12  9.00899705e+13  1.08525063e+14  3.11892911e+13
 -7.26545573e+13 -1.11831998e+14 -4.75663906e+13  5.50734531e+13
  1.14136444e+14  7.54229356e+13 -2.42808231e+13 -1.05344251e+14]
4.935966E-10 [ 1.35553389e+14 -3.44743329e+13  3.46268538e+13  1.02741486e+14
 -8.16019958e+13  1.92374670e+13  9.80715515e+13 -1.01048889e+14
 -5.20470269e+12  8.13945396e+13  1.11452393e+14  4.53048923e+13
 -5.89150670e+13 -1.11786099e+14 -6.35246191e+13  3.59050055e+13
  1.09267783e+14  9.12448556e+13 -2.55658930e+10 -9.41422375e+13]
4.950264E-10 [ 1.35609949e+14 -3.56334653e+13  3.13026073e+13  1.00850166e+14
 -8.47581508e+13  1.21065176e+13  9.31343966e+13 -1.04207170e+14
 -1.59301088e+13  7.19100402e+13  1.12707612e+14  5.83565433e+13
 -4.42012425e+13 -1.08998437e+14 -7.72447831e+13  1.59870200e+13
  1.00545891e+14  1.03120284e+14  2.40989030e+13 -7.82127063e+13]
4.964548E-10 [ 1.35665274e+14 -3.67598498e+13  2.80214966e+13  9.88466015e+13
 -8.76406966e+13  5.09390770e+12  8.77974217e+13 -1.06549132e+14
 -2.61765289e+13  6.17768195e+13  1.12333481e+14  7.01564252e+13
 -2.88512052e+13 -1.03636054e+14 -8.84284112e+13 -4.02083684e+12
  8.84252397e+13  1.10710765e+14  4.70015710e+13 -5.85316732e+13]
4.978816E-10 [ 1.35719393e+14 -3.78545866e+13  2.47837785e+13  9.67373593e+13
 -9.02530046e+13 -1.78004679e+12  8.21021026e+13 -1.08088017e+14
 -3.58699336e+13  5.11328141e+13  1.10393742e+14  8.05511293e+13
 -1.31943415e+13 -9.59169959e+13 -9.68650574e+13 -2.34957212e+13
  7.34542605e+13  1.13868904e+14  6.77089355e+13 -3.62055440e+13]
4.993067E-10 [ 1.35772350e+14 -3.89190131e+13  2.15887897e+13  9.45281719e+13
 -9.25994829e+13 -8.49840307e+12  7.60878488e+13 -1.08841924e+14
 -4.49474182e+13  4.01114167e+13  1.06969143e+14  8.94206358e+13
  2.45526218e+12 -8.60992181e+13 -1.02429322e+14 -4.18680713e+13
  5.62466720e+13  1.12626760e+14  8.53979183e+13 -1.24052308e+13]
5.007297E-10 [ 1.35824199e+14 -3.99546354e+13  1.84351183e+13  9.22239280e+13
 -9.46851692e+13 -1.50471013e+13  6.97917738e+13 -1.08832527e+14
 -5.33560891e+13  2.88403014e+13  1.02153803e+14  9.66760975e+13
  1.78031573e+13 -7.44703997e+13 -1.05075192e+14 -5.86329101e+13
  3.74550196e+13  1.07178194e+14  9.94167046e+13  1.16936195e+13]
5.021507E-10 [ 1.35874995e+14 -4.09629487e+13  1.53211346e+13  8.98289778e+13
 -9.65151640e+13 -2.14137050e+13  6.32494103e+13 -1.08084086e+14
 -6.10509439e+13  1.74421448e+13  9.60528334e+13  1.02256588e+14
  3.25756388e+13 -6.13404962e+13 -1.04829138e+14 -7.33555113e+13
  1.77493735e+13  9.78589196e+13  1.09294525e+14  3.49599146e+13]
5.035692E-10 [ 1.35924785e+14 -4.19452919e+13  1.22454550e+13  8.73474996e+13
 -9.80943152e+13 -2.75863452e+13  5.64956487e+13 -1.06623172e+14
 -6.79933511e+13  6.03567138e+12  8.87812618e+13  1.06126994e+14
  4.65204043e+13 -4.70362503e+13 -1.01784570e+14 -8.56757246e+13
 -2.20088472e+12  8.51271369e+13  1.14746411e+14  5.63493972e+13]
5.049852E-10 [ 1.35973610e+14 -4.29028368e+13  9.20700986e+12  8.47836130e+13
 -9.94272419e+13 -3.35535344e+13  4.95649840e+13 -1.04478642e+14
 -7.41508076e+13 -5.26458807e+12  8.04628563e+13  1.08277190e+14
  5.94088435e+13 -3.18949913e+13 -9.60966698e+13 -9.53129045e+13
 -2.17458459e+13  6.95423916e+13  1.15674054e+14  7.49435599e+13]
5.063985E-10 [ 1.36021505e+14 -4.38366041e+13  6.20502588e+12  8.21414244e+13
 -1.00518416e+14 -3.93041789e+13  4.24915665e+13 -1.01681632e+14
 -7.94969656e+13 -1.63488742e+13  7.12287937e+13  1.08721285e+14
  7.10384547e+13 -1.62582003e+13 -8.79764509e+13 -1.02069400e+14
 -4.02729743e+13  5.17423595e+13  1.12160637e+14  8.99822193e+13]
5.078087E-10 [ 1.36068501e+14 -4.47475205e+13  3.23886848e+12  7.94249408e+13
 -1.01372287e+14 -4.48278714e+13  3.53088880e+13 -9.82653829e+13
 -8.40119056e+13 -2.71133149e+13  6.12158237e+13  1.07496664e+14
  8.12354451e+13 -4.64445445e+11 -7.76835631e+13 -1.05832331e+14
 -5.72241265e+13  3.24174223e+13  1.04459345e+14  1.00888868e+14]
5.092159E-10 [ 1.36114630e+14 -4.56365147e+13  3.07746026e+11  7.66378186e+13
 -1.01993370e+14 -5.01154037e+13  2.80490514e+13 -9.42646961e+13
 -8.76823831e+13 -3.74614799e+13  5.05636664e+13  1.04662282e+14
  8.98570071e+13  1.51582672e+13 -6.55172629e+13 -1.06572668e+14
 -7.21107757e+13  1.22833432e+13  9.29748006e+13  1.07286796e+14]
5.106197E-10 [ 1.36159926e+14 -4.65045616e+13 -2.58943665e+12  7.37832047e+13
 -1.02386203e+14 -5.51589279e+13  2.07423415e+13 -8.97153065e+13
 -9.05014924e+13 -4.73051791e+13  3.94126866e+13  1.00296183e+14
  9.67919364e+13  3.02987577e+13 -5.18067887e+13 -1.04340946e+14
 -8.45248023e+13 -7.94467681e+12  7.82390223e+13  1.09003895e+14]
5.120199E-10 [ 1.36204428e+14 -4.73526768e+13 -5.45406368e+12  7.08637200e+13
 -1.02555234e+14 -5.99517970e+13  1.34172129e+13 -8.46534478e+13
 -9.24680050e+13 -5.65644795e+13  2.79022977e+13  9.44929642e+13
  1.01959998e+14  4.46671399e+13 -3.69024079e+13 -9.92609855e+13
 -9.41450126e+13 -2.75747435e+13  6.08849637e+13  1.06068024e+14]
5.134164E-10 [ 1.36248177e+14 -4.81819002e+13 -8.28775436e+12  6.78814869e+13
 -1.02504729e+14 -6.44883327e+13  6.10042004e+12 -7.91155534e+13
 -9.35856883e+13 -6.51674445e+13  1.61697948e+13  8.73614001e+13
  1.05310761e+14  5.79981553e+13 -2.11672022e+13 -9.15225596e+13
 -1.00740554e+14 -4.59579680e+13  4.16191354e+13  9.86951575e+13]
5.148090E-10 [ 1.36291211e+14 -4.89932167e+13 -1.10920907e+13  6.48384025e+13
 -1.02238698e+14 -6.87632651e+13 -1.18224474e+12 -7.31385084e+13
 -9.38626572e+13 -7.30491534e+13  4.35038311e+12  7.90229146e+13
  1.06822040e+14  7.00527336e+13 -4.97082347e+12 -8.13742236e+13
 -1.04171523e+14 -6.25038825e+13  2.11958423e+13  8.72726670e+13]
5.161974E-10 [ 1.36333563e+14 -4.97874691e+13 -1.38683013e+13  6.17365099e+13
 -1.01760964e+14 -7.27712235e+13 -8.40506025e+12 -6.67603076e+13
 -9.33111988e+13 -8.01508824e+13 -7.42233327e+12  6.96109831e+13
  1.06499053e+14  8.06193405e+13  1.13156271e+13 -6.91170780e+13
 -1.04388966e+14 -7.66936972e+13  3.92858831e+11  7.23401288e+13]
5.175815E-10 [ 1.36375258e+14 -5.05653440e+13 -1.66171837e+13  5.85781434e+13
 -1.01075282e+14 -7.65066923e+13 -1.55421204e+13 -6.00203788e+13
 -9.19479677e+13 -8.64202617e+13 -1.90168569e+13  5.92702323e+13
  1.04374238e+14  8.95165522e+13  2.73258669e+13 -5.50977987e+13
 -1.01434463e+14 -8.80935513e+13 -2.00142501e+13  5.45661114e+13]
5.189611E-10 [ 1.36416312e+14 -5.13273844e+13 -1.93391246e+13  5.53659666e+13
 -1.00185460e+14 -7.99641402e+13 -2.25673747e+13 -5.29596676e+13
 -8.97942156e+13 -9.18117994e+13 -3.03048441e+13  4.81551040e+13
  1.00506937e+14  9.65958796e+13  4.27053755e+13 -3.97004292e+13
 -9.54379371e+13 -9.63662334e+13 -3.92783481e+13  3.47204154e+13]
5.203360E-10 [ 1.36456740e+14 -5.20740293e+13 -2.20342175e+13  5.21028879e+13
 -9.90954385e+13 -8.31382787e+13 -2.94549591e+13 -4.56204057e+13
 -8.68758950e+13 -9.62876137e+13 -4.11626744e+13  3.64278715e+13
  9.49825746e+13  1.01744471e+14  5.71189012e+13 -2.33366484e+13
 -8.66130317e+13 -1.01280520e+14 -5.67067424e+13  1.36419855e+13]
5.217059E-10 [ 1.36496553e+14 -5.28057228e+13 -2.47026441e+13  4.87916300e+13
 -9.78091952e+13 -8.60245720e+13 -3.61802171e+13 -3.80450136e+13
 -8.32232221e+13 -9.98183712e+13 -5.14740772e+13  2.42551082e+13
  8.79104517e+13  1.04887350e+14  7.02589707e+13 -6.43339069e+12
 -7.52486940e+13 -1.02717063e+14 -7.16866242e+13 -7.79802658e+12]
5.230707E-10 [ 1.36535771e+14 -5.35229975e+13 -2.73449814e+13  4.54343279e+13
 -9.63305333e+13 -8.86194754e+13 -4.27204695e+13 -3.02749696e+13
 -7.88697457e+13 -1.02383408e+14 -6.11320935e+13  1.18040297e+13
  7.94202444e+13  1.05987487e+14  8.18525699e+13  1.05797507e+13
 -6.16973184e+13 -1.00668279e+14 -8.37052238e+13 -2.87334340e+13]
5.244302E-10 [ 1.36574418e+14 -5.42264768e+13 -2.99622216e+13  4.20324604e+13
 -9.46629390e+13 -9.09202670e+13 -4.90549888e+13 -2.23504565e+13
 -7.38515863e+13 -1.03970074e+14 -7.00395195e+13 -7.59755552e+11
  6.96586906e+13  1.05044203e+14  9.16648264e+13  2.72806889e+13
 -4.63623795e+13 -9.52336296e+13 -9.23629820e+13 -4.83356420e+13]
5.257842E-10 [ 1.36612524e+14 -5.49168635e+13 -3.25557414e+13  3.85868481e+13
 -9.28094704e+13 -9.29248191e+13 -5.51648065e+13 -1.43102319e+13
 -6.82068116e+13 -1.04572957e+14 -7.81088997e+13 -1.32739065e+13
  5.87865373e+13  1.02090999e+14  9.95012540e+13  4.32635293e+13
 -2.96860608e+13 -8.66121632e+13 -9.73817848e+13 -6.58421970e+13]
5.271325E-10 [ 1.36650120e+14 -5.55949059e+13 -3.51271824e+13  3.50977763e+13
 -9.07727274e+13 -9.46313114e+13 -6.10322792e+13 -6.19186464e+12
 -6.19751187e+13 -1.04193106e+14 -8.52620568e+13 -2.55802136e+13
  4.69761350e+13  9.71932487e+13  1.05208768e+14  5.81454895e+13
 -1.21377382e+13 -7.50934378e+13 -9.86088651e+13 -8.05805335e+13]
5.284748E-10 [ 1.36687239e+14 -5.62613315e+13 -3.76782031e+13  3.15653160e+13
 -8.85549818e+13 -9.60379319e+13 -6.66403862e+13  1.96751562e+12
 -5.51980766e+13 -1.02837545e+14 -9.14293332e+13 -3.75245676e+13
  3.44101353e+13  9.04464646e+13  1.08676111e+14  7.15721771e+13
  5.79596301e+12 -6.10482678e+13 -9.60178012e+13 -9.19872404e+13]
5.298111E-10 [ 1.36723910e+14 -5.69168097e+13 -4.02103264e+13  2.79895465e+13
 -8.61583218e+13 -9.71427684e+13 -7.19723244e+13  1.01306873e+13
 -4.79194505e+13 -1.00519217e+14 -9.65494267e+13 -4.89573231e+13
  2.12802586e+13  8.19750379e+13  1.09834821e+14  8.32231296e+13
  2.36212370e+13 -4.49188317e+13 -8.97078117e+13 -9.96250763e+13]
5.311411E-10 [ 1.36760160e+14 -5.75619516e+13 -4.27249311e+13  2.43705898e+13
 -8.35847028e+13 -9.79438321e+13 -7.70114695e+13  1.82602610e+13
 -4.01852441e+13 -9.72570348e+13 -1.00569744e+14 -5.97343910e+13
  7.78542754e+12  7.19306713e+13  1.08660252e+14  9.28178171e+13
  4.08481778e+13 -2.72069091e+13 -7.99002878e+13 -1.03197246e+14]
5.324645E-10 [ 1.36796013e+14 -5.81973136e+13 -4.52232540e+13  2.07086296e+13
 -8.08359909e+13 -9.84390953e+13 -8.17413755e+13  2.63186534e+13
 -3.20437117e+13 -9.30759384e+13 -1.03446806e+14 -6.97184140e+13
 -5.87024435e+12  6.04905202e+13  1.05172139e+14  1.00121169e+14
  5.70019441e+13 -8.46067972e+12 -6.69321196e+13 -1.02557511e+14]
5.337813E-10 [ 1.36831491e+14 -5.88233881e+13 -4.77063450e+13  1.70039983e+13
 -7.79140592e+13 -9.86265276e+13 -8.61457032e+13  3.42679309e+13
 -2.35455131e+13 -8.80070446e+13 -1.05146623e+14 -7.87798001e+13
 -1.94793212e+13  4.78552661e+13  9.94346855e+13  1.04948368e+14
  7.16335022e+13  1.07393329e+13 -5.12461441e+13 -9.77157992e+13]
5.350912E-10 [ 1.36866609e+14 -5.94405836e+13 -5.01749763e+13  1.32573392e+13
 -7.48209601e+13 -9.85041715e+13 -9.02081209e+13  4.20695391e+13
 -1.47440514e+13 -8.20879887e+13 -1.05645193e+14 -8.67977374e+13
 -3.28327951e+13  3.42472426e+13  9.15564556e+13  1.07169147e+14
  8.43300063e+13  2.97949406e+13 -3.33791429e+13 -8.88395575e+13]
5.363940E-10 [ 1.36901381e+14 -6.00492175e+13 -5.26296009e+13  9.46970512e+12
 -7.15590693e+13 -9.80702769e+13 -9.39123626e+13  4.96842434e+13
 -5.69565532e+12 -7.53632758e+13 -1.04929222e+14 -9.36616174e+13
 -4.57223346e+13  1.99080566e+13  8.16897979e+13  1.06711810e+14
  9.47254172e+13  4.81063227e+13 -1.39468107e+13 -7.62505378e+13]
5.376895E-10 [ 1.36935813e+14 -6.06495215e+13 -5.50703619e+13  5.64257799e+12
 -6.81311708e+13 -9.73234518e+13 -9.72424125e+13  5.70722928e+13
  3.54048357e+12 -6.78844775e+13 -1.02996889e+14 -9.92727559e+13
 -5.79430919e+13  5.09542865e+12  7.00293735e+13  1.03566480e+14
  1.02510981e+14  6.50893275e+13  6.37466033e+12 -6.04160948e+13]
5.389775E-10 [ 1.36969910e+14 -6.12416490e+13 -5.74971095e+13  1.77787579e+12
 -6.45405257e+13 -9.62628112e+13 -1.00182718e+14  6.41936570e+13
  1.29024843e+13 -5.97103101e+13 -9.98585389e+13 -1.03546162e+14
 -6.92967833e+13 -9.92057534e+12  5.68096879e+13  9.77871487e+13
  1.07444874e+14  8.01932651e+13  2.68698821e+13 -4.19347716e+13]
5.402579E-10 [ 1.37003671e+14 -6.18257085e+13 -5.99095290e+13 -2.12222381e+12
 -6.07907649e+13 -9.48880640e+13 -1.02718543e+14  7.10086324e+13
  2.23264748e+13 -5.09061962e+13 -9.55370836e+13 -1.06412436e+14
 -7.95954435e+13 -2.48625563e+13  4.23009405e+13  8.94919728e+13
  1.09360710e+14  9.29192193e+13  4.68088267e+13 -2.15153923e+13]
5.415303E-10 [ 1.37037098e+14 -6.24018217e+13 -6.23073771e+13 -6.05565475e+12
 -5.68855523e+13 -9.31994367e+13 -1.04836319e+14  7.74787054e+13
  3.17478199e+13 -4.15431110e+13 -9.00676997e+13 -1.07819268e+14
 -8.86654034e+13 -3.94518911e+13  2.68028254e+13  7.88608831e+13
  1.08173537e+14  1.02837380e+14  6.54735755e+13  5.03572428e+10]
5.427947E-10 [ 1.37070196e+14 -6.29701515e+13 -6.46905984e+13 -1.00206640e+13
 -5.28283593e+13 -9.11975300e+13 -1.06523712e+14  8.35669572e+13
  4.11019233e+13 -3.16965589e+13 -8.34971479e+13 -1.07732039e+14
 -9.63501488e+13 -5.34141235e+13  1.06379228e+13  6.61311766e+13
  1.03882446e+14  1.09600873e+14  8.21836629e+13  2.19184342e+13]
5.440509E-10 [ 1.37102971e+14 -6.35308975e+13 -6.70593152e+13 -1.40158111e+13
 -4.86224272e+13 -8.88832268e+13 -1.07769511e+14  8.92380599e+13
  5.03244954e+13 -2.14459903e+13 -7.58831707e+13 -1.06133967e+14
 -1.02512259e+14 -6.64833571e+13 -5.85450612e+12  5.15922309e+13
  9.65707638e+13  1.12956277e+14  9.63189346e+13  4.32237307e+13]
5.452986E-10 [ 1.37135433e+14 -6.40842917e+13 -6.94138092e+13 -1.80399520e+13
 -4.42707494e+13 -8.62576140e+13 -1.08563509e+14  9.44582273e+13
  5.93517398e+13 -1.08743001e+13 -6.72938958e+13 -1.03026105e+14
 -1.07035036e+14 -7.84063428e+13 -2.23247855e+13  3.55793429e+13
  8.64043170e+13  1.12751484e+14  1.07340325e+14  6.31118793e+13]
5.465376E-10 [ 1.37167590e+14 -6.46305636e+13 -7.17543779e+13 -2.20920034e+13
 -3.97762991e+13 -8.33220656e+13 -1.08896370e+14  9.91948856e+13
  6.81200192e+13 -6.79526499e+10 -5.78077336e+13 -9.84274393e+13
 -1.09823691e+14 -8.89456998e+13 -3.84182440e+13  1.84677029e+13
  7.36285090e+13  1.08941020e+14  1.14807650e+14  8.07696508e+13]
5.477677E-10 [ 1.37199447e+14 -6.51698634e+13 -7.40810017e+13 -2.61703594e+13
 -3.51426876e+13 -8.00786927e+13 -1.08759634e+14  1.03416128e+14
  7.65648730e+13  1.08818892e+13 -4.75143758e+13 -9.23758119e+13
 -1.10806734e+14 -9.78825654e+13 -5.37795097e+13  6.67437323e+11
  5.85656420e+13  1.01590267e+14  1.18395287e+14  9.54536141e+13]
5.489888E-10 [ 1.37231001e+14 -6.57022185e+13 -7.63931435e+13 -3.02725042e+13
 -3.03746773e+13 -7.65308432e+13 -1.08146066e+14  1.07090779e+14
  8.46207543e+13  2.18787895e+13 -3.65157003e+13 -8.49293881e+13
 -1.09938523e+14 -1.05020814e+14 -6.80584927e+13 -1.73828999e+13
  4.16109623e+13  9.08788228e+13  1.17907764e+14  1.06520323e+14]
5.502006E-10 [ 1.37262243e+14 -6.62275390e+13 -7.86897599e+13 -3.43949889e+13
 -2.54783020e+13 -7.26833755e+13 -1.07050115e+14  1.10189028e+14
  9.22217490e+13  3.28216548e+13 -2.49256253e+13 -7.61675949e+13
 -1.07202122e+14 -1.10192602e+14 -8.09187042e+13 -3.52259893e+13
  2.32250881e+13  7.71003840e+13  1.13293049e+14  1.13456862e+14]
5.514030E-10 [ 1.37293157e+14 -6.67456287e+13 -8.09693344e+13 -3.85334506e+13
 -2.04609310e+13 -6.85428836e+13 -1.05468365e+14  1.12683146e+14
  9.93025086e+13  4.36057125e+13 -1.28694759e+13 -6.61915390e+13
 -1.02611780e+14 -1.13263908e+14 -9.20463056e+13 -5.23972424e+13
  3.92325737e+12  6.06582416e+13  1.04651128e+14  1.15908132e+14]
5.525958E-10 [ 1.37323723e+14 -6.72562071e+13 -8.32299654e+13 -4.26827386e+13
 -1.53311913e+13 -6.41177912e+13 -1.03399926e+14  1.14548271e+14
  1.05799462e+14  5.41240047e+13 -4.82626293e+11 -5.51235948e+13
 -9.62146563e+13 -1.14139743e+14 -1.01159656e+14 -6.84380912e+13
 -1.57388903e+13  4.20556133e+13  9.22364501e+13  1.13698772e+14]
5.537787E-10 [ 1.37353918e+14 -6.77589809e+13 -8.54696752e+13 -4.68374601e+13
 -1.00983425e+13 -5.94179233e+13 -1.00846496e+14  1.15763267e+14
  1.11652641e+14  6.42700921e+13  1.20925600e+13 -4.31050714e+13
 -8.80908284e+13 -1.12768353e+14 -1.08019190e+14 -8.29115427e+13
 -3.51841566e+13  2.18789700e+13  7.64517965e+13  1.06846805e+14]
5.549515E-10 [ 1.37383725e+14 -6.82537079e+13 -8.76866969e+13 -5.09925204e+13
 -4.77158508e+12 -5.44538793e+13 -9.78120594e+13  1.16311101e+14
  1.16807055e+14  7.39405840e+13  2.47101716e+13 -3.02927241e+13
 -7.83513290e+13 -1.09142941e+14 -1.12434988e+14 -9.54166752e+13
 -5.38340942e+13  7.76287838e+11  5.78332001e+13  9.55655558e+13]
5.561141E-10 [ 1.37413127e+14 -6.87402050e+13 -8.98795180e+13 -5.51432266e+13
  6.40120587e+11 -4.92367882e+13 -9.43026509e+13  1.16178789e+14
  1.21213126e+14  8.30363775e+13  3.72229461e+13 -1.68559342e+13
 -6.71357682e+13 -1.03301620e+14 -1.14271415e+14 -1.05599908e+14
 -7.11272049e+13 -2.05654372e+13  3.70298178e+13  8.02558307e+13]
5.572663E-10 [ 1.37442114e+14 -6.92183420e+13 -9.20468601e+13 -5.92852728e+13
  6.12808452e+12 -4.37781970e+13 -9.03261704e+13  1.15357253e+14
  1.24826848e+14  9.14634795e+13  4.94840284e+13 -2.97412186e+12
 -5.46097034e+13 -9.53264009e+13 -1.13450098e+14 -1.13164314e+14
 -8.65357834e+13 -4.14432335e+13  1.47799677e+13  6.14901840e+13]
5.584079E-10 [ 1.37470676e+14 -6.96880354e+13 -9.41876546e+13 -6.34147137e+13
  1.16838967e+13 -3.80899828e+13 -8.58922152e+13  1.13841165e+14
  1.27609884e+14  9.91336960e+13  6.13485877e+13  1.11658220e+13
 -4.09617130e+13 -8.53413870e+13 -1.09951544e+14 -1.17877250e+14
 -9.95814505e+13 -6.11613848e+13 -8.11587520e+12  3.99901894e+13]
5.595386E-10 [ 1.37498805e+14 -7.01492116e+13 -9.63008825e+13 -6.75276727e+13
  1.72990713e+13 -3.21846521e+13 -8.10122251e+13  1.11628907e+14
  1.29529452e+14  1.05964757e+14  7.26745761e+13  2.53711659e+13
 -2.64011379e+13 -7.35109577e+13 -1.03815766e+14 -1.19576049e+14
 -1.09848300e+14 -7.90529392e+13 -3.08226248e+13  1.65992684e+13]
5.606583E-10 [ 1.37526489e+14 -7.06017401e+13 -9.83852655e+13 -7.16197407e+13
  2.29642302e+13 -2.60761940e+13 -7.57001997e+13  1.08722986e+14
  1.30558410e+14  1.11880207e+14  8.33227714e+13  3.94438620e+13
 -1.11570709e+13 -6.00389491e+13 -9.51432268e+13 -1.18173084e+14
 -1.16994599e+14 -9.44996372e+13 -5.24977026e+13 -7.74684747e+12]
5.617668E-10 [ 1.37553710e+14 -7.10454018e+13 -1.00439118e+14 -7.56856671e+13
  2.86686362e+13 -1.97806590e+13 -6.99733520e+13  1.05130732e+14
  1.30676010e+14  1.16810332e+14  9.31580720e+13  5.31823132e+13
  4.52367643e+12 -4.51671810e+13 -8.40955732e+13 -1.13661078e+14
 -1.20765301e+14 -1.06953563e+14 -7.23214226e+13 -3.20553416e+13]
5.628638E-10 [ 1.37580448e+14 -7.14799003e+13 -1.02460386e+14 -7.97194191e+13
  3.44002304e+13 -1.33162094e+13 -6.38523348e+13  1.00864828e+14
  1.29868900e+14  1.20693845e+14  1.02052061e+14  6.63848484e+13
  2.03806254e+13 -2.91718317e+13 -7.08942865e+13 -1.06116719e+14
 -1.21003687e+14 -1.15959425e+14 -8.95304630e+13 -5.53182071e+13]
5.639493E-10 [ 1.37606675e+14 -7.19048739e+13 -1.04446707e+14 -8.37142766e+13
  4.01457315e+13 -6.70308037e+12 -5.73613517e+13  9.59437164e+13
  1.28132034e+14  1.23479570e+14  1.09885755e+14  7.88536827e+13
  3.61446132e+13 -1.23582938e+13 -5.58171490e+13 -9.57015005e+13
 -1.17660034e+14 -1.21174456e+14 -1.03450871e+14 -7.65573136e+13]
5.650229E-10 [ 1.37632363e+14 -7.23199107e+13 -1.06395467e+14 -8.76629489e+13
  4.58907798e+13  3.65365708e+10 -5.05281537e+13  9.03918553e+13
  1.25469428e+14  1.25128018e+14  1.16552380e+14  9.03991823e+13
  5.15435369e+13  4.94539969e+12 -3.91924276e+13 -8.26594125e+13
 -1.10796470e+14 -1.22384527e+14 -1.13528582e+14 -9.48701320e+13]
5.660845E-10 [ 1.37657481e+14 -7.27245874e+13 -1.08303990e+14 -9.15579427e+13
  5.16204642e+13  6.87908833e+12 -4.33834988e+13  8.42394613e+13
  1.21894518e+14  1.25612824e+14  1.21960401e+14  1.00844900e+14
  6.63095528e+13  2.23974421e+13 -2.13898015e+13 -6.73104028e+13
 -1.00586869e+14 -1.19515156e+14 -1.19355893e+14 -1.09474285e+14]
5.671340E-10 [ 1.37682001e+14 -7.31185258e+13 -1.10169804e+14 -9.53921192e+13
  5.73201635e+13  1.38007037e+13 -3.59600197e+13  7.75215294e+13
  1.17429753e+14  1.24921479e+14  1.26036062e+14  1.10032587e+14
  8.01869978e+13  3.96529289e+13 -2.80805437e+12 -5.00389631e+13
 -8.73102255e+13 -1.12634785e+14 -1.20690145e+14 -1.19746160e+14]
5.681710E-10 [ 1.37705900e+14 -7.35014160e+13 -1.11990753e+14 -9.91589555e+13
  6.29759885e+13  2.07778299e+13 -2.82913890e+13  7.02768892e+13
  1.12105792e+14  1.23055146e+14  1.28724507e+14  1.17825447e+14
  9.29385871e+13  5.63734141e+13  1.61374475e+13 -3.12804009e+13
 -7.13389949e+13 -1.01950060e+14 -1.17462008e+14 -1.25248254e+14]
5.691954E-10 [ 1.37729159e+14 -7.38730121e+13 -1.13764994e+14 -1.02852544e+14
  6.85748407e+13  2.77874198e+13 -2.04119283e+13  6.25475796e+13
  1.05960753e+14  1.20028102e+14  1.29990008e+14  1.24110000e+14
  1.04349894e+14  7.22348087e+13  3.50262896e+13 -1.15066378e+13
 -5.31246667e+13 -8.77954004e+13 -1.09774957e+14 -1.25745303e+14]
5.702070E-10 [ 1.37751761e+14 -7.42331268e+13 -1.15490969e+14 -1.06467578e+14
  7.41044418e+13  3.48070777e+13 -1.23562626e+13  5.43782475e+13
  9.90394098e+13  1.15866987e+14  1.29815799e+14  1.28797308e+14
  1.14233003e+14  8.69344579e+13  5.34441111e+13  8.78853236e+12
 -3.31810999e+13 -7.06178822e+13 -9.78972091e+13 -1.21210151e+14]
5.712056E-10 [ 1.37773695e+14 -7.45816264e+13 -1.17167387e+14 -1.09999325e+14
  7.95533491e+13  4.18151809e+13 -4.15900514e+12  4.58155637e+13
  9.13923534e+13  1.10609912e+14  1.28203565e+14  1.31823621e+14
  1.22429340e+14  1.00197286e+14  7.09929774e+13  2.91041898e+13
 -1.20664020e+13 -5.09583959e+13 -8.22469601e+13 -1.11819684e+14]
5.721910E-10 [ 1.37794948e+14 -7.49184187e+13 -1.18793178e+14 -1.13443539e+14
  8.49108546e+13  4.87908423e+13  4.14536467e+12  3.69078375e+13
  8.30753002e+13  1.04305552e+14  1.25172689e+14  1.33150431e+14
  1.28811530e+14  1.11780660e+14  8.73004137e+13  4.89461248e+13
  9.63543237e+12 -2.94305078e+13 -6.33723708e+13 -9.79418567e+13]
5.731631E-10 [ 1.37815514e+14 -7.52434287e+13 -1.20367370e+14 -1.16796228e+14
  9.01666652e+13  5.57135697e+13  1.25222357e+13  2.77050739e+13
  7.41488265e+13  9.70125650e+13  1.20759557e+14  1.32764203e+14
  1.33284441e+14  1.21477935e+14  1.02026754e+14  6.78390087e+13
  3.13318776e+13 -6.69876288e+12 -4.19283754e+13 -8.01159383e+13]
5.741216E-10 [ 1.37835383e+14 -7.55565853e+13 -1.21889031e+14 -1.20053525e+14
  9.53107142e+13  6.25630669e+13  2.09367259e+13  1.82589573e+13
  6.46781098e+13  8.87990883e+13  1.15016993e+14  1.30676202e+14
  1.35786194e+14  1.29121761e+14  1.14872068e+14  8.53381415e+13
  5.24392065e+13  1.65440368e+13 -1.86505431e+13 -5.90269137e+13]
5.750662E-10 [ 1.37854546e+14 -7.58578237e+13 -1.23357279e+14 -1.23211720e+14
  1.00333234e+14  6.93193733e+13  2.93539403e+13  8.62240626e+12
  5.47322515e+13  7.97418638e+13  1.08013374e+14  1.26922033e+14
  1.36288885e+14  1.34587076e+14  1.25582787e+14  1.01041055e+14
  7.24001779e+13  3.96009937e+13  5.67437399e+12 -3.54737382e+13]
5.759969E-10 [ 1.37872997e+14 -7.61470901e+13 -1.24771309e+14 -1.26267319e+14
  1.05224862e+14  7.59630481e+13  3.77392953e+13 -1.15096434e+12
  4.43834652e+13  6.99251581e+13  9.98314178e+13  1.21560668e+14
  1.34798537e+14  1.37793043e+14  1.33957005e+14  1.14597708e+14
  9.07005850e+13  6.17950148e+13  3.02393939e+13 -1.03332259e+13]
5.769135E-10 [ 1.37890727e+14 -7.64243463e+13 -1.26130412e+14 -1.29217097e+14
  1.09976741e+14  8.24753552e+13  4.60588492e+13 -1.10074077e+13
  3.37061950e+13  5.94395308e+13  9.05666740e+13  1.14672966e+14
  1.31354245e+14  1.38703793e+14  1.39848179e+14  1.25718781e+14
  1.06883883e+14  8.24912935e+13  5.42481724e+13  1.54784336e+13]
5.778156E-10 [ 1.37907733e+14 -7.66895728e+13 -1.27433996e+14 -1.32058140e+14
  1.14580614e+14  8.88384418e+13  5.42796331e+13 -2.08936250e+13
  2.27761840e+13  4.83804822e+13  8.03257699e+13  1.06359722e+14
  1.26026524e+14  1.37327943e+14  1.43167119e+14  1.34181795e+14
  1.20563345e+14  1.01117429e+14  7.69443417e+13  4.10445124e+13]
5.787032E-10 [ 1.37924010e+14 -7.69427750e+13 -1.28681614e+14 -1.34787921e+14
  1.19028955e+14  9.50355612e+13  6.23700413e+13 -3.07574267e+13
  1.16694246e+13  3.68469170e+13  6.92243527e+13  9.67392302e+13
  1.18914867e+14  1.33716912e+14  1.43882240e+14  1.39834916e+14
  1.31431413e+14  1.17180513e+14  9.76381619e+13  6.54851540e+13]
5.795760E-10 [ 1.37939555e+14 -7.71839897e+13 -1.29873000e+14 -1.37404378e+14
  1.23315125e+14  1.01051348e+14  7.03002965e+13 -4.05484992e+13
  4.60962570e+11  2.49393947e+13  5.73847003e+13  8.59443108e+13
  1.10144478e+14  1.27961961e+14  1.42017951e+14  1.42598239e+14
  1.39265838e+14  1.30280446e+14  1.15729284e+14  8.79915259e+13]
5.804339E-10 [ 1.37954371e+14 -7.74132891e+13 -1.31008089e+14 -1.39905968e+14
  1.27433472e+14  1.06872001e+14  7.80427971e+13 -5.02190369e+13
 -1.07761736e+13  1.27584553e+13  4.49332930e+13  7.41190930e+13
  9.98623850e+13  1.20190101e+14  1.37651211e+14  1.42462348e+14
  1.43932092e+14  1.40118561e+14  1.30724101e+14  1.07854427e+14]
5.812766E-10 [ 1.37968458e+14 -7.76307796e+13 -1.32087012e+14 -1.42291662e+14
  1.31379344e+14  1.12485350e+14  8.55723089e+13 -5.97241761e+13
 -2.19718131e+13  4.03173834e+11  3.19985563e+13  6.14158127e+13
  8.82333009e+13  1.10559277e+14  1.30906667e+14  1.39484546e+14
  1.45382347e+14  1.46501524e+14  1.42247202e+14  1.24486131e+14]
5.821039E-10 [ 1.37981824e+14 -7.78366006e+13 -1.33110091e+14 -1.44560933e+14
  1.35149089e+14  1.17880896e+14  9.28661081e+13 -6.90223549e+13
 -3.30593830e+13 -1.20301702e+13  1.87087043e+13  4.79916359e+13
  7.54353175e+13  9.92530414e+13  1.21950720e+14  1.33783214e+14
  1.43651492e+14  1.49340979e+14  1.50047143e+14  1.37435238e+14]
5.829157E-10 [ 1.37994473e+14 -7.80309228e+13 -1.34077832e+14 -1.46713751e+14
  1.38740045e+14  1.23049833e+14  9.99040881e+13 -7.80756100e+13
 -4.39765542e+13 -2.44492986e+13  5.18971588e+12  3.40055726e+13
  6.16555583e+13  8.64749075e+13  1.10984804e+14  1.25530655e+14
  1.38850615e+14  1.48649312e+14  1.53996795e+14  1.46394438e+14]
5.837117E-10 [ 1.38006417e+14 -7.82139467e+13 -1.34990914e+14 -1.48750560e+14
  1.42150523e+14  1.27985046e+14  1.06668829e+14 -8.68498085e+13
 -5.46657844e+13 -3.67669997e+13 -8.43651851e+12  1.96155558e+13
  4.70859184e+13  7.24425959e+13  9.82381640e+13  1.14944798e+14
  1.31158415e+14  1.44532053e+14  1.54088709e+14  1.51201447e+14]
5.844918E-10 [ 1.38017665e+14 -7.83859005e+13 -1.35850187e+14 -1.50672262e+14
  1.45379780e+14  1.32681100e+14  1.13145634e+14 -9.53148189e+13
 -6.50747607e+13 -4.89020441e+13 -2.20538545e+13  4.97573979e+12
  3.19189955e+13  5.73823363e+13  8.39604037e+13  1.02280162e+14
  1.20811045e+14  1.37177529e+14  1.50426196e+14  1.51833724e+14]
5.852558E-10 [ 1.38028231e+14 -7.85470397e+13 -1.36656659e+14 -1.52480209e+14
  1.48428013e+14  1.37134240e+14  1.19322578e+14 -1.03444675e+14
 -7.51568063e+13 -6.07800226e+13 -3.55534215e+13 -9.76602696e+12
  1.63442059e+13  4.15232950e+13  6.84139657e+13  8.78183627e+13
  1.08090850e+14  1.26844398e+14  1.43210862e+14  1.48397827e+14]
5.860034E-10 [ 1.38038130e+14 -7.86976467e+13 -1.37411501e+14 -1.54176194e+14
  1.51296341e+14  1.41342384e+14  1.25190530e+14 -1.11217700e+14
 -8.48712106e+13 -7.23340569e+13 -4.88349640e+13 -2.44704815e+13
  5.44189744e+11  2.50922765e+13  5.18667718e+13  7.18584982e+13
  9.33144495e+13  1.13847674e+14  1.32727396e+14  1.41114290e+14]
5.867344E-10 [ 1.38047379e+14 -7.88380278e+13 -1.38116029e+14 -1.55762421e+14
  1.53986758e+14  1.45305053e+14  1.30743091e+14 -1.18616485e+14
 -9.41833503e+13 -8.35052221e+13 -6.18077955e+13 -3.90087386e+13
 -1.53082043e+13  8.30906019e+12  3.45854699e+13  5.47079665e+13
  7.68208750e+13  9.85441162e+13  1.19326654e+14  1.30299285e+14]
5.874488E-10 [ 1.38055995e+14 -7.89685105e+13 -1.38771688e+14 -1.57241464e+14
  1.56502058e+14  1.49023268e+14  1.35976453e+14 -1.25627758e+14
 -1.03064641e+14 -9.42427193e+13 -7.43914007e+13 -5.32636051e+13
 -3.10523209e+13 -8.61752908e+12  1.68294930e+13  3.66740731e+13
  5.89603073e+13  8.13178069e+13  1.03408166e+14  1.16344488e+14]
5.881462E-10 [ 1.38063999e+14 -7.90894396e+13 -1.39380034e+14 -1.58616222e+14
  1.58845757e+14  1.52499430e+14  1.40889246e+14 -1.32242210e+14
 -1.11492405e+14 -1.04503895e+14 -8.65157876e+13 -6.71305230e+13
 -4.65415806e+13 -2.54928693e+13 -1.15405534e+12  1.80565524e+13
  4.00837124e+13  6.25664116e+13  8.54028523e+13  9.96963157e+13]
5.888264E-10 [ 1.38071410e+14 -7.92011749e+13 -1.39942718e+14 -1.59889882e+14
  1.61022022e+14  1.55737203e+14  1.45482369e+14 -1.38454286e+14
 -1.19449661e+14 -1.14254128e+14 -9.81216161e+13 -8.05181643e+13
 -6.16448562e+13 -4.21391027e+13 -1.91346349e+13 -8.58863016e+11
  2.05336252e+13  4.26885780e+13  6.57566490e+13  8.08355372e+13]
5.894894E-10 [ 1.38078252e+14 -7.93040878e+13 -1.40461473e+14 -1.61065878e+14
  1.63035593e+14  1.58741398e+14  1.49758813e+14 -1.44261949e+14
 -1.26924861e+14 -1.23466599e+14 -1.09160125e+14 -9.33487064e+13
 -7.62473717e+13 -5.83970225e+13 -3.69016055e+13 -1.98057514e+13
  6.36258951e+11  2.20727943e+13  4.49155768e+13  6.02580840e+13]
5.901348E-10 [ 1.38084546e+14 -7.93985593e+13 -1.40938096e+14 -1.62147859e+14
  1.64891718e+14  1.61517851e+14  1.53723480e+14 -1.49666425e+14
 -1.33911571e+14 -1.32121961e+14 -1.19592885e+14 -1.05557820e+14
 -9.02511581e+13 -7.41273199e+13 -5.42666817e+13 -3.85411619e+13
 -1.93049610e+13  1.08792334e+12  2.33126544e+13  3.84577182e+13]
5.907625E-10 [ 1.38090315e+14 -7.94849770e+13 -1.41374436e+14 -1.63139646e+14
  1.66596079e+14  1.64073308e+14  1.57382992e+14 -1.54671928e+14
 -1.40408115e+14 -1.40207935e+14 -1.29391398e+14 -1.17094401e+14
 -1.03575110e+14 -8.92112358e+13 -7.10655480e+13 -5.68486491e+13
 -3.90144150e+13 -1.99244704e+13  1.35690576e+12  1.59110092e+13]
5.913723E-10 [ 1.38095584e+14 -7.95637336e+13 -1.41772382e+14 -1.64045207e+14
  1.68154725e+14  1.66415301e+14  1.60745496e+14 -1.59285368e+14
 -1.46417173e+14 -1.47718803e+14 -1.38536544e+14 -1.27920052e+14
 -1.16154647e+14 -1.03550626e+14 -8.71586388e+13 -7.45401706e+13
 -5.82478140e+13 -4.06559018e+13 -2.05753330e+13 -6.93501245e+12]
5.919640E-10 [ 1.38100377e+14 -7.96352232e+13 -1.42133846e+14 -1.64868609e+14
  1.69573996e+14  1.68552020e+14  1.63820454e+14 -1.63516024e+14
 -1.51945329e+14 -1.54654833e+14 -1.47017887e+14 -1.38008336e+14
 -1.27941017e+14 -1.17067494e+14 -1.02431151e+14 -9.14569210e+13
 -7.67942960e+13 -6.08348784e+13 -4.21467654e+13 -2.96723674e+13]
5.925374E-10 [ 1.38104718e+14 -7.96998404e+13 -1.42460755e+14 -1.65613998e+14
  1.70860465e+14  1.70492208e+14  1.66618461e+14 -1.67375271e+14
 -1.57002668e+14 -1.61021729e+14 -1.54832985e+14 -1.47343975e+14
 -1.38900465e+14 -1.29703249e+14 -1.16792579e+14 -1.07469428e+14
 -9.44774461e+13 -8.02293201e+13 -6.30635058e+13 -5.19391161e+13]
5.930922E-10 [ 1.38108630e+14 -7.97579791e+13 -1.42755043e+14 -1.66285578e+14
  1.72020897e+14  1.72245079e+14  1.69151103e+14 -1.70876331e+14
 -1.61602400e+14 -1.66830117e+14 -1.61986719e+14 -1.55922034e+14
 -1.49013303e+14 -1.41417747e+14 -1.30175878e+14 -1.22477048e+14
 -1.11155414e+14 -9.86476849e+13 -8.30776906e+13 -7.34240398e+13]
5.936284E-10 [ 1.38112140e+14 -7.98100312e+13 -1.43018645e+14 -1.66887587e+14
  1.73062204e+14  1.73820232e+14  1.71430804e+14 -1.74034034e+14
 -1.65760496e+14 -1.72095014e+14 -1.68490571e+14 -1.63747010e+14
 -1.58272818e+14 -1.52188074e+14 -1.42536207e+14 -1.36406827e+14
 -1.26720118e+14 -1.15938813e+14 -1.01988353e+14 -9.38690419e+13]
5.941457E-10 [ 1.38115272e+14 -7.98563855e+13 -1.43253490e+14 -1.67424284e+14
  1.73991402e+14  1.75227576e+14  1.73470684e+14 -1.76864566e+14
 -1.69495305e+14 -1.76835282e+14 -1.74361883e+14 -1.70831857e+14
 -1.66684064e+14 -1.62007118e+14 -1.53849329e+14 -1.49211847e+14
 -1.41095674e+14 -1.31990657e+14 -1.19640769e+14 -1.13069503e+14]
5.946438E-10 [ 1.38118049e+14 -7.98974270e+13 -1.43461494e+14 -1.67899925e+14
  1.74815571e+14  1.76477240e+14  1.75284410e+14 -1.79385236e+14
 -1.72827181e+14 -1.81073081e+14 -1.79623088e+14 -1.77196974e+14
 -1.74262570e+14 -1.70881985e+14 -1.64109755e+14 -1.60869147e+14
 -1.54236195e+14 -1.46728099e+14 -1.35924514e+14 -1.30872888e+14]
5.951227E-10 [ 1.38120497e+14 -7.99335353e+13 -1.43644554e+14 -1.68318746e+14
  1.75541812e+14  1.77579504e+14  1.76886061e+14 -1.81614236e+14
 -1.75778115e+14 -1.84833327e+14 -1.84300945e+14 -1.82869177e+14
 -1.81032998e+14 -1.78832320e+14 -1.73328701e+14 -1.71377349e+14
 -1.66123120e+14 -1.60110058e+14 -1.50770499e+14 -1.47175915e+14]
5.955821E-10 [ 1.38122639e+14 -7.99650834e+13 -1.43804539e+14 -1.68684943e+14
  1.76177204e+14  1.78544713e+14  1.78289985e+14 -1.83570414e+14
 -1.78371377e+14 -1.88143161e+14 -1.88425792e+14 -1.87880666e+14
 -1.87027789e+14 -1.85888573e+14 -1.81531948e+14 -1.80754093e+14
 -1.76762217e+14 -1.72126073e+14 -1.64147237e+14 -1.61920635e+14]
5.960218E-10 [ 1.38124500e+14 -7.99924371e+13 -1.43943285e+14 -1.69002652e+14
  1.76728768e+14  1.79383212e+14  1.79510676e+14 -1.85273055e+14
 -1.80631175e+14 -1.91031442e+14 -1.92030808e+14 -1.92268031e+14
 -1.92285826e+14 -1.92090274e+14 -1.88757656e+14 -1.89033366e+14
 -1.86180391e+14 -1.82792560e+14 -1.76056575e+14 -1.75089708e+14]
5.964416E-10 [ 1.38126102e+14 -8.00159531e+13 -1.44062589e+14 -1.69275934e+14
  1.77203429e+14  1.80105270e+14  1.80562643e+14 -1.86741674e+14
 -1.82582331e+14 -1.93528260e+14 -1.95151322e+14 -1.96071280e+14
 -1.96851136e+14 -1.97484334e+14 -1.95054205e+14 -1.96262819e+14
 -1.94422413e+14 -1.92148897e+14 -1.86529126e+14 -1.86701187e+14]
5.968413E-10 [ 1.38127468e+14 -8.00359784e+13 -1.44164200e+14 -1.69508757e+14
  1.77607980e+14  1.80721017e+14  1.81460301e+14 -1.87995825e+14
 -1.84249971e+14 -1.95664483e+14 -1.97824155e+14 -1.99332933e+14
 -2.00771657e+14 -2.02123420e+14 -2.00478095e+14 -2.02501141e+14
 -2.01547685e+14 -2.00253484e+14 -1.95619593e+14 -1.96803066e+14]
5.972207E-10 [ 1.38128621e+14 -8.00528490e+13 -1.44249815e+14 -1.69704976e+14
  1.77949047e+14  1.81240382e+14  1.82217858e+14 -1.89054919e+14
 -1.85659252e+14 -1.97471331e+14 -2.00087009e+14 -2.02097166e+14
 -2.04098078e+14 -2.06064419e+14 -2.05091960e+14 -2.07815542e+14
 -2.07627106e+14 -2.07179894e+14 -2.03402136e+14 -2.05467807e+14]
5.975797E-10 [ 1.38129581e+14 -8.00668890e+13 -1.44321073e+14 -1.69868324e+14
  1.78233056e+14  1.81673033e+14  1.82849215e+14 -1.89938057e+14
 -1.86835095e+14 -1.98979992e+14 -2.01977904e+14 -2.04409028e+14
 -2.06882775e+14 -2.09367020e+14 -2.08962719e+14 -2.12279403e+14
 -2.12740121e+14 -2.13013217e+14 -2.09965939e+14 -2.12787040e+14]
5.979180E-10 [ 1.38130370e+14 -8.00784094e+13 -1.44379548e+14 -1.70002390e+14
  1.78466210e+14  1.82028328e+14  1.83367879e+14 -1.90663882e+14
 -1.87801953e+14 -2.00221268e+14 -2.03534674e+14 -2.06313735e+14
 -2.09178835e+14 -2.12092420e+14 -2.12159878e+14 -2.15970111e+14
 -2.16972001e+14 -2.17846663e+14 -2.15411059e+14 -2.18866566e+14]
5.982354E-10 [ 1.38131008e+14 -8.00877070e+13 -1.44426744e+14 -1.70110612e+14
  1.78654453e+14  1.82315261e+14  1.83786872e+14 -1.91250435e+14
 -1.88583594e+14 -2.01225255e+14 -2.04794501e+14 -2.07856021e+14
 -2.11039183e+14 -2.14302150e+14 -2.14754006e+14 -2.18967097e+14
 -2.20411355e+14 -2.21778459e+14 -2.19844618e+14 -2.23821748e+14]
5.985318E-10 [ 1.38131513e+14 -8.00950640e+13 -1.44464090e+14 -1.70196257e+14
  1.78803448e+14  1.82542420e+14  1.84118656e+14 -1.91715036e+14
 -1.89202910e+14 -2.02021058e+14 -2.05793507e+14 -2.09079569e+14
 -2.12515800e+14 -2.16057037e+14 -2.16815363e+14 -2.21350091e+14
 -2.23147929e+14 -2.24909075e+14 -2.23377395e+14 -2.27773371e+14]
5.988069E-10 [ 1.38131903e+14 -8.01007463e+13 -1.44492937e+14 -1.70262415e+14
  1.78918554e+14  1.82717940e+14  1.84375064e+14 -1.92074167e+14
 -1.89681746e+14 -2.02636539e+14 -2.06566396e+14 -2.10026512e+14
 -2.13659046e+14 -2.17416303e+14 -2.18412724e+14 -2.23197603e+14
 -2.25270673e+14 -2.27338811e+14 -2.26120838e+14 -2.30844008e+14]
5.990606E-10 [ 1.38132196e+14 -8.01050033e+13 -1.44514548e+14 -1.70311982e+14
  1.79004802e+14  1.82849471e+14  1.84567237e+14 -1.92343374e+14
 -1.90040747e+14 -2.03098098e+14 -2.07146138e+14 -2.10737002e+14
 -2.14517073e+14 -2.18436782e+14 -2.19612358e+14 -2.24585621e+14
 -2.26866094e+14 -2.29165718e+14 -2.28184514e+14 -2.33154899e+14]
5.992925E-10 [ 1.38132407e+14 -8.01080666e+13 -1.44530099e+14 -1.70347652e+14
  1.79066874e+14  1.82944144e+14  1.84705570e+14 -1.92537182e+14
 -1.90299230e+14 -2.03430484e+14 -2.07563705e+14 -2.11248841e+14
 -2.15135330e+14 -2.19172264e+14 -2.20477173e+14 -2.25586513e+14
 -2.28016869e+14 -2.30483857e+14 -2.29673950e+14 -2.34823336e+14]
5.995027E-10 [ 1.38132551e+14 -8.01101499e+13 -1.44540675e+14 -1.70371910e+14
  1.79109089e+14  1.83008533e+14  1.84799661e+14 -1.92669016e+14
 -1.90475073e+14 -2.03656629e+14 -2.07847839e+14 -2.11597169e+14
 -2.15556141e+14 -2.19672944e+14 -2.21065992e+14 -2.26268111e+14
 -2.28800690e+14 -2.31381858e+14 -2.30688866e+14 -2.35960496e+14]
5.996908E-10 [ 1.38132640e+14 -8.01114472e+13 -1.44547261e+14 -1.70387018e+14
  1.79135380e+14  1.83048636e+14  1.84858264e+14 -1.92751133e+14
 -1.90584606e+14 -2.03797508e+14 -2.08024856e+14 -2.11814198e+14
 -2.15818355e+14 -2.19984957e+14 -2.21432972e+14 -2.26692966e+14
 -2.29289323e+14 -2.31941743e+14 -2.31321731e+14 -2.36669697e+14]
5.998566E-10 [ 1.38132688e+14 -8.01121333e+13 -1.44550744e+14 -1.70395006e+14
  1.79149282e+14  1.83069843e+14  1.84889255e+14 -1.92794559e+14
 -1.90642532e+14 -2.03872016e+14 -2.08118480e+14 -2.11928990e+14
 -2.15957054e+14 -2.20150007e+14 -2.21627109e+14 -2.26917735e+14
 -2.29547852e+14 -2.32237992e+14 -2.31656620e+14 -2.37045013e+14]
6.000000E-10 [ 1.38132703e+14 -8.01123620e+13 -1.44551905e+14 -1.70397670e+14
  1.79153918e+14  1.83076914e+14  1.84899589e+14 -1.92809039e+14
 -1.90661847e+14 -2.03896860e+14 -2.08149699e+14 -2.11967268e+14
 -2.16003305e+14 -2.20205046e+14 -2.21691850e+14 -2.26992694e+14
 -2.29634071e+14 -2.32336794e+14 -2.31768312e+14 -2.37170193e+14]
