r [m]	R_1(r) [∛(1/m)] 		R_2(r) [∛(1/m)] 		R_3(r) [∛(1/m)] 		R_4(r) [∛(1/m)] 		R_5(r) [∛(1/m)] 		R_6(r) [∛(1/m)] 		R_7(r) [∛(1/m)] 		R_8(r) [∛(1/m)] 		R_9(r) [∛(1/m)] 		R_10(r) [∛(1/m)] 		R_11(r) [∛(1/m)] 		R_12(r) [∛(1/m)] 		R_13(r) [∛(1/m)] 		R_14(r) [∛(1/m)] 		R_15(r) [∛(1/m)] 	
3.650000E-10 [ 6.96953155e+13  2.97667002e+14 -3.27213462e+14  3.78570963e+14
 -3.94208498e+14  4.23279088e+14 -4.35825204e+14  4.47871352e+14
 -4.48041279e+14  4.72407011e+14 -4.80306275e+14  4.91483915e+14
 -4.97243305e+14  5.06658596e+14 -5.02193323e+14]
3.651432E-10 [ 6.96951962e+13  2.97667923e+14 -3.27217283e+14  3.78580936e+14
 -3.94226471e+14  4.23308520e+14 -4.35868756e+14  4.47931341e+14
 -4.48121824e+14  4.72510124e+14 -4.80435885e+14  4.91643103e+14
 -4.97436357e+14  5.06886458e+14 -5.02459898e+14]
3.653018E-10 [ 6.96953700e+13  2.97666576e+14 -3.27211701e+14  3.78566372e+14
 -3.94200226e+14  4.23265542e+14 -4.35805162e+14  4.47843745e+14
 -4.48004218e+14  4.72359560e+14 -4.80246633e+14  4.91410661e+14
 -4.97154471e+14  5.06553741e+14 -5.02070663e+14]
3.654758E-10 [ 6.96958973e+13  2.97662487e+14 -3.27194756e+14  3.78522161e+14
 -3.94120562e+14  4.23135090e+14 -4.35612138e+14  4.47577879e+14
 -4.47647286e+14  4.71902616e+14 -4.79672307e+14  4.90705304e+14
 -4.96299125e+14  5.05544218e+14 -5.00889741e+14]
3.656649E-10 [ 6.96968442e+13  2.97655135e+14 -3.27164303e+14  3.78442716e+14
 -3.93977420e+14  4.22900706e+14 -4.35265355e+14  4.47100265e+14
 -4.47006143e+14  4.71081894e+14 -4.78640871e+14  4.89438699e+14
 -4.94763396e+14  5.03731922e+14 -4.98770099e+14]
3.658691E-10 [ 6.96982819e+13  2.97643955e+14 -3.27118014e+14  3.78321974e+14
 -3.93759891e+14  4.22544553e+14 -4.34738472e+14  4.46374698e+14
 -4.46032315e+14  4.69835486e+14 -4.77074750e+14  4.87515887e+14
 -4.92432561e+14  5.00981972e+14 -4.95554656e+14]
3.660884E-10 [ 6.97002870e+13  2.97628336e+14 -3.27053376e+14  3.78153398e+14
 -3.93456226e+14  4.22047443e+14 -4.34003191e+14  4.45362336e+14
 -4.44673887e+14  4.68097216e+14 -4.74891207e+14  4.84835832e+14
 -4.89184884e+14  4.97151656e+14 -4.91077755e+14]
3.663226E-10 [ 6.97029415e+13  2.97607620e+14 -3.26967694e+14  3.77929986e+14
 -3.93053853e+14  4.21388873e+14 -4.33029319e+14  4.44021825e+14
 -4.42875717e+14  4.65796969e+14 -4.72002832e+14  4.81292144e+14
 -4.84892645e+14  4.92091832e+14 -4.85167039e+14]
3.665716E-10 [ 6.97063324e+13  2.97581105e+14 -3.26858092e+14  3.77644275e+14
 -3.92539394e+14  4.20547062e+14 -4.31784863e+14  4.42309447e+14
 -4.40579691e+14  4.62861095e+14 -4.68318170e+14  4.76773986e+14
 -4.79423426e+14  4.85648685e+14 -4.77645813e+14]
3.668353E-10 [ 6.97105517e+13  2.97548041e+14 -3.26721516e+14  3.77288355e+14
 -3.91898695e+14  4.19499019e+14 -4.30236136e+14  4.40179326e+14
 -4.37725061e+14  4.59212935e+14 -4.63742495e+14  4.71167199e+14
 -4.72641704e+14  4.77665896e+14 -4.68335936e+14]
3.671138E-10 [ 6.97156962e+13  2.97507637e+14 -3.26554740e+14  3.76853883e+14
 -3.91116862e+14  4.18220616e+14 -4.28347917e+14  4.37583684e+14
 -4.34248867e+14  4.54773465e+14 -4.58178784e+14  4.64355708e+14
 -4.64410823e+14  4.67987289e+14 -4.57061340e+14]
3.674067E-10 [ 6.97218673e+13  2.97459055e+14 -3.26354370e+14  3.76332107e+14
 -3.90178313e+14  4.16686697e+14 -4.26083633e+14  4.34473161e+14
 -4.30086455e+14  4.49462094e+14 -4.51528893e+14  4.56223195e+14
 -4.54595329e+14  4.56459979e+14 -4.43652190e+14]
3.677142E-10 [ 6.97291706e+13  2.97401417e+14 -3.26116853e+14  3.75713893e+14
 -3.89066837e+14  4.14871198e+14 -4.23405591e+14  4.30797197e+14
 -4.25172104e+14  4.43197607e+14 -4.43694948e+14  4.46655081e+14
 -4.43063715e+14  4.42938033e+14 -4.27949683e+14]
3.680360E-10 [ 6.97377154e+13  2.97333803e+14 -3.25838491e+14  3.74989757e+14
 -3.87765673e+14  4.12747302e+14 -4.20275256e+14  4.26504496e+14
 -4.19439760e+14  4.35899277e+14 -4.34580965e+14  4.35540813e+14
 -4.29691581e+14  4.27286658e+14 -4.09811518e+14]
3.683721E-10 [ 6.97476148e+13  2.97255257e+14 -3.25515451e+14  3.74149913e+14
 -3.86257601e+14  4.10287627e+14 -4.16653582e+14  4.21543572e+14
 -4.12823898e+14  4.27488149e+14 -4.24094722e+14  4.22776482e+14
 -4.14365210e+14  4.09386916e+14 -3.89117983e+14]
3.687224E-10 [ 6.97589846e+13  2.97164788e+14 -3.25143783e+14  3.73184321e+14
 -3.84525058e+14  4.07464439e+14 -4.12501397e+14  4.15863371e+14
 -4.05260517e+14  4.17888518e+14 -4.12149872e+14  4.08267769e+14
 -3.96985557e+14  3.89140912e+14 -3.65778607e+14]
3.690868E-10 [ 6.97719428e+13  2.97061378e+14 -3.24719441e+14  3.72082753e+14
 -3.82550268e+14  4.04249917e+14 -4.07779857e+14  4.09414009e+14
 -3.96688271e+14  4.07029578e+14 -3.98668304e+14  3.91933181e+14
 -3.77472600e+14  3.66477415e+14 -3.39739253e+14]
3.694652E-10 [ 6.97866090e+13  2.96943980e+14 -3.24238310e+14  3.70834866e+14
 -3.80315399e+14  4.00616447e+14 -4.02450960e+14  4.02147585e+14
 -3.87049727e+14  3.94847269e+14 -3.83582734e+14  3.73707580e+14
 -3.55770000e+14  3.41357781e+14 -3.10989499e+14]
3.698575E-10 [ 6.98031034e+13  2.96811534e+14 -3.23696231e+14  3.69430290e+14
 -3.77802743e+14  3.96536957e+14 -3.96478120e+14  3.94019092e+14
 -3.76292761e+14  3.81286262e+14 -3.66839478e+14  3.53545898e+14
 -3.31849958e+14  3.13782025e+14 -2.79570035e+14]
3.702636E-10 [ 6.98215462e+13  2.96662964e+14 -3.23089030e+14  3.67858706e+14
 -3.74994879e+14  3.91985240e+14 -3.89826721e+14  3.84987299e+14
 -3.64371891e+14  3.66301887e+14 -3.48401117e+14  3.31426689e+14
 -3.05717783e+14  2.83794435e+14 -2.45579345e+14]
3.706834E-10 [ 6.98420570e+13  2.96497187e+14 -3.22412534e+14  3.66109901e+14
 -3.71874801e+14  3.86936209e+14 -3.82464582e+14  3.75015507e+14
 -3.51249470e+14  3.49861857e+14 -3.28248882e+14  3.07355270e+14
 -2.77415876e+14  2.51488337e+14 -2.09179181e+14]
3.711169E-10 [ 6.98647543e+13  2.96313113e+14 -3.21662592e+14  3.64173832e+14
 -3.68426057e+14  3.81366174e+14 -3.74362450e+14  3.64072352e+14
 -3.36896900e+14  3.31947997e+14 -3.06385010e+14  2.81366748e+14
 -2.47027436e+14  2.17010350e+14 -1.70599110e+14]
3.715639E-10 [ 6.98897549e+13  2.96109652e+14 -3.20835092e+14  3.62040693e+14
 -3.64632904e+14  3.75253148e+14 -3.65494535e+14  3.52132647e+14
 -3.21295907e+14  3.12558011e+14 -2.82835061e+14  2.53528900e+14
 -2.14679815e+14  1.80563953e+14 -1.30139935e+14]
3.720244E-10 [ 6.99171735e+13  2.95885717e+14 -3.19925989e+14  3.59700989e+14
 -3.60480456e+14  3.68577143e+14 -3.55839028e+14  3.39178198e+14
 -3.04439740e+14  2.91707120e+14 -2.57650012e+14  2.23944623e+14
 -1.80547154e+14  1.42411930e+14 -8.81753791e+13]
3.724983E-10 [ 6.99471222e+13  2.95640228e+14 -3.18931319e+14  3.57145593e+14
 -3.55954828e+14  3.61320453e+14 -3.45378591e+14  3.25198567e+14
 -2.86334277e+14  2.69429511e+14 -2.30908006e+14  1.92753837e+14
 -1.44852118e+14  1.02877428e+14 -4.51517130e+13]
3.729854E-10 [ 6.99797099e+13  2.95372117e+14 -3.17847216e+14  3.54365808e+14
 -3.51043263e+14  3.53467911e+14 -3.34100808e+14  3.10191761e+14
 -2.66998994e+14  2.45779553e+14 -2.02715697e+14  1.60134698e+14
 -1.07866556e+14  6.23433985e+13 -1.58503333e+12]
3.734856E-10 [ 7.00150428e+13  2.95080324e+14 -3.16669918e+14  3.51353379e+14
 -3.45734192e+14  3.45007034e+14 -3.21998457e+14  2.94164663e+14
 -2.46467557e+14  2.20832468e+14 -1.73208816e+14  1.26303691e+14
 -6.99105466e+13  2.12498168e+13  4.19444731e+13]
3.739990E-10 [ 7.00532250e+13  2.94763792e+14 -3.15395730e+14  3.48100434e+14
 -3.40017155e+14  3.35927942e+14 -3.09069458e+14  2.77133017e+14
 -2.24787797e+14  1.94684168e+14 -1.42551603e+14  9.15142230e+13
 -3.13494496e+13 -1.99117104e+13  8.48016277e+13]
3.745253E-10 [ 7.00943602e+13  2.94421451e+14 -3.14020987e+14  3.44599391e+14
 -3.33882665e+14  3.26223198e+14 -2.95316707e+14  2.59121243e+14
 -2.02021439e+14  1.67450738e+14 -1.10935709e+14  5.60544011e+13
  7.41023338e+12 -6.06049824e+13  1.26307581e+14]
3.750646E-10 [ 7.01385531e+13  2.94052213e+14 -3.12542008e+14  3.40842866e+14
 -3.27322087e+14  3.15887662e+14 -2.80747919e+14  2.40162264e+14
 -1.78243813e+14  1.39267828e+14 -7.85788750e+13  2.02443957e+13
  4.59257206e+13 -1.00257372e+14  1.65752742e+14]
3.756166E-10 [ 7.01859110e+13  2.93654950e+14 -3.10955044e+14  3.36823553e+14
 -3.20327455e+14  3.04918261e+14 -2.65375375e+14  2.20297188e+14
 -1.53543360e+14  1.10289738e+14 -4.57231586e+13 -1.55668964e+13
  8.37238296e+13 -1.38269373e+14  2.02411481e+14]
3.761813E-10 [ 7.02365463e+13  2.93228478e+14 -3.09256204e+14  3.32534064e+14
 -3.12891245e+14  2.93313695e+14 -2.49215561e+14  1.99574868e+14
 -1.28020967e+14  8.06882536e+13 -1.26327553e+13 -5.10057760e+13
  1.20307699e+14 -1.74025275e+14  2.35558215e+14]
3.767587E-10 [ 7.02905765e+13  2.92771555e+14 -3.07441459e+14  3.27966963e+14
 -3.05006475e+14  2.81074661e+14 -2.32289564e+14  1.78052417e+14
 -1.01790459e+14  5.06527802e+13  2.04068020e+13 -8.56763463e+13
  1.55162351e+14 -2.06902927e+14  2.64482847e+14]
3.773486E-10 [ 7.03481185e+13  2.92282926e+14 -3.05506831e+14  3.23115268e+14
 -2.96667618e+14  2.68205342e+14 -2.14625176e+14  1.55797854e+14
 -7.49815961e+13  2.03931756e+13  5.30867430e+13 -1.19160652e+14
  1.87758265e+14 -2.36282202e+14  2.88505701e+14]
3.779509E-10 [ 7.04092828e+13  2.91761379e+14 -3.03448609e+14  3.17973006e+14
 -2.87871590e+14  2.54714953e+14 -1.96258994e+14  1.32892596e+14
 -4.77426182e+13 -9.85832980e+12  8.50747201e+13 -1.51021203e+14
  2.17558282e+14 -2.61557715e+14  3.06997431e+14]
3.785656E-10 [ 7.04741703e+13  2.91205768e+14 -3.01263459e+14  3.12535512e+14
 -2.78618267e+14  2.40618523e+14 -1.77237388e+14  1.09432352e+14
 -2.02406215e+13 -3.98480073e+13  1.16017983e+14 -1.80807729e+14
  2.44029392e+14 -2.82156716e+14  3.19403915e+14]
3.791925E-10 [ 7.05428687e+13  2.90615045e+14 -2.98948544e+14  3.06799719e+14
 -2.68910987e+14  2.25937612e+14 -1.57617289e+14  8.55276738e+13
  7.33869006e+12 -6.93025145e+13  1.45548026e+14 -2.08065887e+14
  2.66656827e+14 -2.97559326e+14  3.25272926e+14]
3.798316E-10 [ 7.06154511e+13  2.89988281e+14 -2.96501602e+14  3.00764362e+14
 -2.58756865e+14  2.10700704e+14 -1.37466455e+14  6.13037122e+13
  3.47924092e+13 -9.79323385e+13  1.73287219e+14 -2.32348261e+14
  2.84960519e+14 -3.07320672e+14  3.24281437e+14]
3.804827E-10 [ 7.06919800e+13  2.89324625e+14 -2.93920789e+14  2.94429577e+14
 -2.48166084e+14  1.94942018e+14 -1.16861585e+14  3.68972756e+13
  6.19050490e+13 -1.25438809e+14  1.98859119e+14 -2.53228764e+14
  2.98514055e+14 -3.11093783e+14  3.16260855e+14]
3.811458E-10 [ 7.07725165e+13  2.88623232e+14 -2.91204401e+14  2.87796223e+14
 -2.37150747e+14  1.78699703e+14 -9.58856647e+13  1.24530587e+13
  8.84539570e+13 -1.51521681e+14  2.21898883e+14 -2.70316270e+14
  3.06961493e+14 -3.08648307e+14  3.01215111e+14]
3.818208E-10 [ 7.08571238e+13  2.87883232e+14 -2.88350751e+14  2.80865586e+14
 -2.25724379e+14  1.62015042e+14 -7.46267129e+13 -1.18783747e+13
  1.14212623e+14 -1.75884322e+14  2.42060969e+14 -2.83265151e+14
  3.10030414e+14 -2.99884412e+14  2.79332284e+14]
3.825076E-10 [ 7.09458698e+13  2.87103701e+14 -2.85358081e+14  2.73639188e+14
 -2.13901619e+14  1.44931952e+14 -5.31769272e+13 -3.59421072e+13
  1.38953383e+14 -1.98238174e+14  2.59025911e+14 -2.91784460e+14
  3.07542808e+14 -2.84843187e+14  2.50990643e+14]
3.832060E-10 [ 7.10388276e+13  2.86283669e+14 -2.82224568e+14  2.66118821e+14
 -2.01698299e+14  1.27497061e+14 -3.16325666e+13 -5.95795394e+13
  1.62449215e+14 -2.18306296e+14  2.72506092e+14 -2.95645858e+14
  2.99424083e+14 -2.63714016e+14  2.16759837e+14]
3.839161E-10 [ 7.11360658e+13  2.85422192e+14 -2.78948649e+14  2.58307344e+14
 -1.89132732e+14  1.09761476e+14 -1.00958709e+13 -8.26269246e+13
  1.84473550e+14 -2.35825340e+14  2.82250558e+14 -2.94691151e+14
  2.85711940e+14 -2.36841487e+14  1.77400522e+14]
3.846377E-10 [ 7.12376372e+13  2.84518461e+14 -2.75529402e+14  2.50209581e+14
 -1.76227118e+14  9.17825873e+13  1.13232326e+13 -1.04914525e+14
  2.04801254e+14 -2.50549278e+14  2.88051952e+14 -2.88841847e+14
  2.66566390e+14 -2.04731563e+14  1.33860284e+14]
3.853707E-10 [ 7.13435743e+13  2.83571845e+14 -2.71966719e+14  2.41832705e+14
 -1.63008036e+14  7.36244551e+13  3.25073581e+13 -1.26268147e+14
  2.23212299e+14 -2.62255711e+14  2.89755379e+14 -2.78109130e+14
  2.42277671e+14 -1.68052147e+14  8.72596951e+13]
3.861150E-10 [ 7.14538862e+13  2.82581920e+14 -2.68261394e+14  2.33186393e+14
 -1.49506554e+14  5.53575789e+13  5.33327525e+13 -1.46511732e+14
  2.39496545e+14 -2.70753036e+14  2.87267320e+14 -2.62602366e+14
  2.13270283e+14 -1.27626721e+14  3.88681020e+13]
3.868705E-10 [ 7.15685746e+13  2.81548332e+14 -2.64414602e+14  2.24281561e+14
 -1.35756088e+14  3.70555870e+13  7.36739485e+13 -1.65473440e+14
  2.53461253e+14 -2.75888647e+14  2.80562908e+14 -2.42532317e+14
  1.80097393e+14 -8.44140244e+13 -9.93802890e+12]
3.876372E-10 [ 7.16876647e+13  2.80470515e+14 -2.60426856e+14  2.15127932e+14
 -1.21788578e+14  1.87899498e+13  9.34101434e+13 -1.82992536e+14
  2.64937730e+14 -2.77553940e+14  2.69687080e+14 -2.18205103e+14
  1.43423098e+14 -3.94740010e+13 -5.77300015e+13]
3.884149E-10 [ 7.18112260e+13  2.79347502e+14 -2.56297325e+14  2.05732545e+14
 -1.07632331e+14  6.27267423e+11  1.12428068e+14 -1.98921974e+14
  2.73783067e+14 -2.75684201e+14  2.54750885e+14 -1.90012198e+14
  1.04002354e+14  6.06599048e+12 -1.03077385e+14]
3.892036E-10 [ 7.19393831e+13  2.78177819e+14 -2.52023491e+14  1.96099105e+14
 -9.33112672e+13 -1.73713637e+13  1.30622226e+14 -2.13128067e+14
  2.79878997e+14 -2.70256129e+14  2.35926345e+14 -1.58420303e+14
  6.26624965e+13  5.10411046e+13 -1.44591461e+14]
3.900032E-10 [ 7.20722996e+13  2.76959624e+14 -2.47601708e+14  1.86229409e+14
 -7.88473182e+13 -3.51468871e+13  1.47890812e+14 -2.25486544e+14
  2.83128792e+14 -2.61285899e+14  2.13444882e+14 -1.23967787e+14
  2.02939541e+13  9.42679385e+13 -1.80956274e+14]
3.908135E-10 [ 7.22101278e+13  2.75691166e+14 -2.43028907e+14  1.76127238e+14
 -6.42662835e+13 -5.26349812e+13  1.64128643e+14 -2.35877767e+14
  2.83456603e+14 -2.48833335e+14  1.87605115e+14 -8.72723376e+13
 -2.21480467e+13  1.34554910e+14 -2.10954935e+14]
3.916345E-10 [ 7.23529719e+13  2.74371128e+14 -2.38303824e+14  1.65801022e+14
 -4.96014611e+13 -6.97622554e+13  1.79224857e+14 -2.44187600e+14
  2.80812544e+14 -2.33010507e+14  1.58782035e+14 -4.90351554e+13
 -6.36511655e+13  1.70727425e+14 -2.33513648e+14]
3.924660E-10 [ 7.25008752e+13  2.72998753e+14 -2.33427406e+14  1.55264565e+14
 -3.48942693e+13 -8.64465041e+13  1.93065118e+14 -2.50312230e+14
  2.75179973e+14 -2.13989296e+14  1.27430576e+14 -1.00343969e+13
 -1.03168850e+14  2.01669874e+14 -2.47759385e+14]
3.933081E-10 [ 7.26538345e+13  2.71573723e+14 -2.28402325e+14  1.44535791e+14
 -2.01919648e+13 -1.02600455e+14  2.05536970e+14 -2.54164686e+14
  2.66581711e+14 -1.92004070e+14  9.40799351e+13  2.88943550e+13
 -1.39657719e+14  2.26379305e+14 -2.53080686e+14]
3.941606E-10 [ 7.28118437e+13  2.70095755e+14 -2.23231531e+14  1.33633509e+14
 -5.54283252e+12 -1.18137911e+14  2.16536253e+14 -2.55679887e+14
  2.55081329e+14 -1.67345853e+14  5.93166264e+13  6.68893511e+13
 -1.72123423e+14  2.44019392e+14 -2.49175388e+14]
3.950233E-10 [ 7.29749214e+13  2.68564345e+14 -2.17917346e+14  1.22575497e+14
  9.00646737e+12 -1.32976835e+14  2.25969820e+14 -2.54815887e+14
  2.40781128e+14 -1.40354518e+14  2.37678440e+13  1.03090112e+14
 -1.99657641e+14  2.53959018e+14 -2.36075167e+14]
3.958963E-10 [ 7.31431158e+13  2.66978720e+14 -2.12461340e+14  1.11378306e+14
  2.34110925e+13 -1.47039510e+14  2.33755628e+14 -2.51553525e+14
  2.23820203e+14 -1.11413095e+14 -1.19108534e+13  1.36658261e+14
 -2.21465830e+14  2.55798487e+14 -2.14154028e+14]
3.967794E-10 [ 7.33164848e+13  2.65338020e+14 -2.06864983e+14  1.00058688e+14
  3.76260946e+13 -1.60250619e+14  2.39821626e+14 -2.45896446e+14
  2.04374762e+14 -8.09459455e+13 -4.70429489e+13  1.66792978e+14
 -2.36889105e+14  2.49388735e+14 -1.84127681e+14]
3.976726E-10 [ 7.34950620e+13  2.63641620e+14 -2.01130747e+14  8.86357882e+13
  5.16038051e+13 -1.72535212e+14  2.44105626e+14 -2.37873243e+14
  1.82661267e+14 -4.94194345e+13 -8.09371902e+13  1.92746933e+14
 -2.45427281e+14  2.34850104e+14 -1.47048230e+14]
3.985757E-10 [ 7.36788412e+13  2.61889286e+14 -1.95262607e+14  7.71320045e+13
  6.52931798e+13 -1.83819013e+14  2.46557183e+14 -2.27540356e+14
  1.58938083e+14 -1.73383231e+13 -1.12900459e+14  2.13849184e+14
 -2.46765654e+14  2.12587441e+14 -1.04285011e+14]
3.994886E-10 [ 7.38677979e+13  2.60080974e+14 -1.89265307e+14  6.55713549e+13
  7.86422311e+13 -1.94031482e+14  2.47140382e+14 -2.14982787e+14
  1.33501254e+14  1.47665705e+13 -1.42259897e+14  2.29533820e+14
 -2.40799288e+14  1.83291032e+14 -5.74796812e+13]
4.004113E-10 [ 7.40619870e+13  2.58215894e+14 -1.83141278e+14  5.39734862e+13
  9.16051083e+13 -2.03111601e+14  2.45834796e+14 -2.00307354e+14
  1.06667923e+14  4.63642763e+13 -1.68394415e+14  2.39367616e+14
 -2.27641480e+14  1.47907065e+14 -8.46277050e+12]
4.013436E-10 [ 7.42616405e+13  2.56291562e+14 -1.76887633e+14  4.23484310e+13
  1.04147124e+14 -2.11009790e+14  2.42631214e+14 -1.83631042e+14
  7.87577654e+13  7.69456550e+13 -1.90754201e+14  2.43057542e+14
 -2.07606891e+14  1.07584568e+14  4.08414268e+13]
4.022855E-10 [ 7.44671904e+13  2.54303550e+14 -1.70495644e+14  3.06964323e+13
  1.16243374e+14 -2.17684021e+14  2.37525402e+14 -1.65073802e+14
  5.00865723e+13  1.06027153e+14 -2.08859793e+14  2.40441551e+14
 -1.81187794e+14  6.36302485e+13  8.84843938e+13]
4.032369E-10 [ 7.46790923e+13  2.52247177e+14 -1.63956415e+14  1.90191139e+13
  1.27865631e+14 -2.23089797e+14  2.30517944e+14 -1.44771560e+14
  2.09907803e+13  1.33123165e+14 -2.22281668e+14  2.31482474e+14
 -1.49059607e+14  1.75127271e+13  1.32506532e+14]
4.041976E-10 [ 7.48975138e+13  2.50120545e+14 -1.57270501e+14  7.33637940e+12
  1.38966337e+14 -2.27174813e+14  2.21628658e+14 -1.22909805e+14
 -8.13031862e+12  1.57715485e+14 -2.30639375e+14  2.16302250e+14
 -1.12134509e+14 -2.90983841e+13  1.70947382e+14]
4.051677E-10 [ 7.51221625e+13  2.47926260e+14 -1.50452839e+14 -4.30661695e+12
  1.49475644e+14 -2.29885968e+14  2.10915442e+14 -9.97470364e+13
 -3.68006443e+13  1.79264695e+14 -2.33643580e+14  1.95240130e+14
 -7.16012675e+13 -7.43518528e+13  2.01945974e+14]
4.061469E-10 [ 7.53523748e+13  2.45670615e+14 -1.43529555e+14 -1.58472532e+13
  1.59313345e+14 -2.31183067e+14  1.98482385e+14 -7.56075789e+13
 -6.44982119e+13  1.97263398e+14 -2.31155337e+14  1.68884755e+14
 -2.88916853e+13 -1.16334563e+14  2.23926707e+14]
4.071353E-10 [ 7.55874788e+13  2.43360079e+14 -1.36526686e+14 -2.72258408e+13
  1.68409486e+14 -2.31048247e+14  1.84465026e+14 -5.08381863e+13
 -9.07208696e+13  2.11300979e+14 -2.23216524e+14  1.38035283e+14
  1.44449395e+13 -1.53261494e+14  2.35785107e+14]
4.081326E-10 [ 7.58270726e+13  2.40998535e+14 -1.29461889e+14 -3.83988247e+13
  1.76714118e+14 -2.29483128e+14  1.69008180e+14 -2.57695851e+13
 -1.15028625e+14  2.21087102e+14 -2.10030762e+14  1.03624647e+14
  5.68689604e+13 -1.83611691e+14  2.36961327e+14]
4.091389E-10 [ 7.60710753e+13  2.38586745e+14 -1.22343239e+14 -4.93393300e+13
  1.84194652e+14 -2.26501107e+14  1.52253959e+14 -7.04606391e+11
 -1.37048442e+14  2.26440782e+14 -1.91929438e+14  6.66613212e+13
  9.69213379e+13 -2.06180809e+14  2.27426879e+14]
4.101540E-10 [ 7.63197194e+13  2.36122387e+14 -1.15169839e+14 -6.00346042e+13
  1.90830631e+14 -2.22119907e+14  1.34335112e+14  2.40834403e+13
 -1.56466738e+14  2.27271076e+14 -1.69339708e+14  2.81879173e+13
  1.33263158e+14 -2.20094552e+14  2.07637678e+14]
4.111779E-10 [ 7.65735447e+13  2.33600087e+14 -1.07932394e+14 -7.04835374e+13
  1.96608853e+14 -2.16355312e+14  1.15370879e+14  4.83488893e+13
 -1.73018893e+14  2.23557961e+14 -1.42758403e+14 -1.07475707e+13
  1.64697262e+14 -2.24803793e+14  1.78475948e+14]
4.122104E-10 [ 7.68333532e+13  2.31011838e+14 -1.00614971e+14 -8.06924692e+13
  2.01517792e+14 -2.09216897e+14  9.54682809e+13  7.18647504e+13
 -1.86473941e+14  2.15335406e+14 -1.12737517e+14 -4.91017109e+13
  1.90170312e+14 -2.20067977e+14  1.41195817e+14]
4.132514E-10 [ 7.70998051e+13  2.28351017e+14 -9.32067197e+13 -9.06577625e+13
  2.05537309e+14 -2.00716923e+14  7.47539059e+13  9.43813059e+13
 -1.96606371e+14  2.02697074e+14 -7.99239368e+13 -8.57853270e+13
  2.08743506e+14 -2.05959747e+14  9.74395900e+13]
4.143009E-10 [ 7.73729184e+13  2.25617416e+14 -8.57154230e+13 -1.00349264e+14
  2.08636084e+14 -1.90893157e+14  5.34162871e+13  1.15590916e+14
 -2.03197938e+14  1.85845532e+14 -4.51296913e+13 -1.19624709e+14
  2.19625193e+14 -1.82954511e+14  4.93099814e+13]
4.153588E-10 [ 7.76519655e+13  2.22818344e+14 -7.81693241e+13 -1.09711991e+14
  2.10781157e+14 -1.79824391e+14  3.17144285e+13  1.35142549e+14
 -2.06079591e+14  1.65139615e+14 -9.34255310e+12 -1.49422109e+14
  2.22288823e+14 -1.52026824e+14 -6.61150065e+11]
4.164249E-10 [ 7.79360326e+13  2.19963068e+14 -7.06008980e+13 -1.18690249e+14
  2.11951989e+14 -1.67616771e+14  9.92890865e+12  1.52708528e+14
 -2.05178805e+14  1.41076724e+14  2.63773535e+13 -1.74112252e+14
  2.16591120e+14 -1.14617543e+14 -4.97530195e+13]
4.174993E-10 [ 7.82247741e+13  2.17055219e+14 -6.30267258e+13 -1.27251374e+14
  2.12142692e+14 -1.54368352e+14 -1.17021154e+13  1.68037996e+14
 -2.00516443e+14  1.14208677e+14  6.10365340e+13 -1.92876689e+14
  2.02763230e+14 -7.24478777e+13 -9.53696726e+13]
4.185817E-10 [ 7.85185706e+13  2.14091143e+14 -5.54443480e+13 -1.35385526e+14
  2.11353021e+14 -1.40152570e+14 -3.29947767e+13  1.80948439e+14
 -1.92170255e+14  8.50881206e+13  9.37495974e+13 -2.05134723e+14
  1.81324232e+14 -2.73672449e+13 -1.35191412e+14]
4.196721E-10 [ 7.88178876e+13  2.11066330e+14 -4.78498946e+13 -1.43083031e+14
  2.09581832e+14 -1.25042859e+14 -5.37683725e+13  1.91277399e+14
 -1.80262739e+14  5.43072317e+13  1.23669095e+14 -2.10480760e+14
  1.53053010e+14  1.86428833e+13 -1.67154065e+14]
4.207704E-10 [ 7.91224378e+13  2.07983900e+14 -4.02590829e+13 -1.50314220e+14
  2.06834653e+14 -1.09157024e+14 -7.37896706e+13  1.98862297e+14
 -1.65003771e+14  2.25800838e+13  1.49927576e+14 -2.08702779e+14
  1.19067165e+14  6.34110588e+13 -1.89481630e+14]
4.218765E-10 [ 7.94310431e+13  2.04856049e+14 -3.27091506e+13 -1.57032812e+14
  2.03135298e+14 -9.26692554e+13 -9.27786502e+13  2.03572031e+14
 -1.46729315e+14 -9.25432946e+12  1.71697795e+14 -1.99874305e+14
  8.08560717e+13  1.04679767e+14 -2.00894076e+14]
4.229903E-10 [ 7.97424579e+13  2.01695729e+14 -2.52372011e+13 -1.63199968e+14
  1.98524253e+14 -7.57667283e+13 -1.10477577e+14  2.05351259e+14
 -1.25869099e+14 -4.03504138e+13  1.88332207e+14 -1.84396060e+14
  4.01355493e+13  1.40394049e+14 -2.00838304e+14]
4.241118E-10 [ 8.00563365e+13  1.98506814e+14 -1.78573259e+13 -1.68801652e+14
  1.93040496e+14 -5.85920991e+13 -1.26707612e+14  2.04217139e+14
 -1.02857566e+14 -6.99844882e+13  1.99426994e+14 -1.62903473e+14
 -1.39014581e+12  1.68931275e+14 -1.89490242e+14]
4.252408E-10 [ 8.03733009e+13  1.95283355e+14 -1.05608111e+13 -1.73842268e+14
  1.86709240e+14 -4.12355531e+13 -1.41355827e+14  2.00221746e+14
 -7.80911050e+13 -9.75642923e+13  2.04768540e+14 -1.36158314e+14
 -4.21317679e+13  1.89107300e+14 -1.67596053e+14]
4.263772E-10 [ 8.06941432e+13  1.92017659e+14 -3.33614614e+12 -1.78325584e+14
  1.79549765e+14 -2.37784065e+13 -1.54320678e+14  1.93432192e+14
 -5.19698198e+13 -1.22545072e+14  2.04263568e+14 -1.05041895e+14
 -8.05549488e+13  2.00083941e+14 -1.36380540e+14]
4.275210E-10 [ 8.10190421e+13  1.88708286e+14  3.81343724e+12 -1.82244517e+14
  1.71594421e+14 -6.33684559e+12 -1.65482042e+14  1.83951375e+14
 -2.49623318e+13 -1.44376412e+14  1.97950128e+14 -7.06207091e+13
 -1.15128998e+14  2.01383129e+14 -9.75881410e+13]
4.286721E-10 [ 8.13475422e+13  1.85360279e+14  1.08708304e+13 -1.85585961e+14
  1.62895106e+14  1.09387579e+13 -1.74717086e+14  1.71939689e+14
  2.39255889e+12 -1.62538086e+14  1.86046070e+14 -3.41453490e+13
 -1.44411392e+14  1.92989506e+14 -5.34648930e+13]
4.298303E-10 [ 8.16789647e+13  1.81980988e+14  1.78150510e+13 -1.88339131e+14
  1.53516345e+14  2.78893772e+13 -1.81927131e+14  1.57613420e+14
  2.95314284e+13 -1.76602872e+14  1.68964514e+14  3.03107131e+12
 -1.67187034e+14  1.75407337e+14 -6.60488552e+12]
4.309956E-10 [ 8.20127318e+13  1.78576756e+14  2.46283381e+13 -1.90499042e+14
  1.43526000e+14  4.43669274e+13 -1.87048988e+14  1.41228177e+14
  5.59090091e+13 -1.86269220e+14  1.47287063e+14  3.95490378e+13
 -1.82560346e+14  1.49624521e+14  4.02635565e+13]
4.321678E-10 [ 8.23484293e+13  1.75152273e+14  3.12972166e+13 -1.92065949e+14
  1.32991686e+14  6.02386789e+13 -1.90053598e+14  1.23066570e+14
  8.10167295e+13 -1.91365250e+14  1.21729494e+14  7.41084714e+13
 -1.89990169e+14  1.17035000e+14  8.44662953e+13]
4.333470E-10 [ 8.26858542e+13  1.71710082e+14  3.78131068e+13 -1.93044215e+14
  1.21977443e+14  7.53897695e+13 -1.90942011e+14  1.03425665e+14
  1.04395961e+14 -1.91843414e+14  9.31027858e+13  1.05523014e+14
 -1.89295969e+14  7.93378800e+13  1.23551853e+14]
4.345329E-10 [ 8.30250160e+13  1.68250561e+14  4.41718781e+13 -1.93440706e+14
  1.10542034e+14  8.97223185e+13 -1.89739480e+14  8.26076406e+13
  1.25643026e+14 -1.87768096e+14  6.22774630e+13  1.32755972e+14
 -1.80639841e+14  3.84314500e+13  1.55421390e+14]
4.357256E-10 [ 8.33658759e+13  1.64774589e+14  5.03685761e+13 -1.93263237e+14
  9.87466635e+13  1.03143238e+14 -1.86491478e+14  6.09288889e+13
  1.44395334e+14 -1.79306233e+14  3.01764958e+13  1.54925043e+14
 -1.64504969e+14 -3.65738180e+12  1.78402388e+14]
4.369248E-10 [ 8.37079824e+13  1.61287254e+14  5.63911528e+13 -1.92521774e+14
  8.66678589e+13  1.15552206e+14 -1.81270090e+14  3.87399938e+13
  1.60321919e+14 -1.66738803e+14 -2.21531282e+12  1.71315807e+14
 -1.41701469e+14 -4.48253042e+13  1.91326396e+14]
4.381306E-10 [ 8.40504672e+13  1.57797888e+14  6.22214352e+13 -1.91231258e+14
  7.43982118e+13  1.26847934e+14 -1.74182753e+14  1.64216948e+13
  1.73144645e+14 -1.50472384e+14 -3.38828231e+13  1.81435892e+14
 -1.13358302e+14 -8.30082561e+13  1.93641338e+14]
4.393428E-10 [ 8.43925568e+13  1.54314838e+14  6.78446246e+13 -1.89411490e+14
  6.20275637e+13  1.36950531e+14 -1.65365896e+14 -5.65714046e+12
  1.82675294e+14 -1.31012622e+14 -6.38699139e+13  1.85070130e+14
 -8.08366859e+13 -1.16368426e+14  1.85476251e+14]
4.405613E-10 [ 8.47340392e+13  1.50840706e+14  7.32564187e+13 -1.87082782e+14
  4.96245605e+13  1.45812823e+14 -1.54964279e+14 -2.71781994e+13
  1.88822509e+14 -1.08908038e+14 -9.13529134e+13  1.82269225e+14
 -4.55947001e+13 -1.43430031e+14  1.67571472e+14]
4.417861E-10 [ 8.50750885e+13  1.47374154e+14  7.84589167e+13 -1.84263614e+14
  3.72420114e+13  1.53408090e+14 -1.43122999e+14 -4.78652777e+13
  1.91566619e+14 -8.47257070e+13 -1.15636398e+14  1.73299070e+14
 -9.11415023e+12 -1.63094056e+14  1.41158238e+14]
4.430170E-10 [ 8.54157287e+13  1.43915362e+14  8.34518284e+13 -1.80973526e+14
  2.49362311e+13  1.59714141e+14 -1.29999942e+14 -6.74522773e+13
  1.90943091e+14 -5.90689492e+13 -1.36120799e+14  1.58619498e+14
  2.71064961e+13 -1.74623115e+14  1.07889714e+14]
4.442540E-10 [ 8.57555627e+13  1.40468769e+14  8.82290942e+13 -1.77237126e+14
  1.27765892e+13  1.64711886e+14 -1.15778462e+14 -8.56732256e+13
  1.87050278e+14 -3.25887140e+13 -1.52308835e+14  1.38891164e+14
  6.15810207e+13 -1.77675592e+14  6.97861063e+13]
4.454969E-10 [ 8.60940236e+13  1.37040511e+14  9.27833478e+13 -1.73083234e+14
  8.35544333e+11  1.68394717e+14 -1.00659221e+14 -1.02285392e+14
  1.80057045e+14 -5.95057872e+12 -1.63847521e+14  1.14952869e+14
  9.29305055e+13 -1.72347917e+14  2.91007592e+13]
4.467457E-10 [ 8.64307051e+13  1.33635052e+14  9.71105404e+13 -1.68540916e+14
 -1.08238402e+13  1.70772875e+14 -8.48425072e+13 -1.17090831e+14
  1.70192010e+14  2.02110256e+13 -1.70550225e+14  8.77611685e+13
  1.19976990e+14 -1.59154396e+14 -1.18638986e+13]
4.480003E-10 [ 8.67654217e+13  1.30254594e+14  1.01210248e+14 -1.63637494e+14
 -2.21500259e+13  1.71870434e+14 -6.85201519e+13 -1.29937937e+14
  1.57727364e+14  4.53146271e+13 -1.72387322e+14  5.83342306e+13
  1.41786174e+14 -1.38962290e+14 -5.09068762e+13]
4.492605E-10 [ 8.70981093e+13  1.26900085e+14  1.05083962e+14 -1.58398911e+14
 -3.30992980e+13  1.71721307e+14 -5.18762398e+13 -1.40714399e+14
  1.42968347e+14  6.88358152e+13 -1.69468458e+14  2.77137369e+13
  1.57678929e+14 -1.12921404e+14 -8.60347558e+13]
4.505264E-10 [ 8.74287480e+13  1.23572006e+14  1.08733951e+14 -1.52850420e+14
 -4.36329824e+13  1.70367188e+14 -3.50884627e+13 -1.49342522e+14
  1.26246413e+14  9.03102155e+13 -1.62028038e+14 -3.06677781e+12
  1.67236249e+14 -8.23954475e+13 -1.15547058e+14]
4.517977E-10 [ 8.77573032e+13  1.20270962e+14  1.12162517e+14 -1.47017357e+14
 -5.37154634e+13  1.67856619e+14 -1.83293449e+13 -1.55776303e+14
  1.07914064e+14  1.09336428e+14 -1.50412070e+14 -3.30102404e+13
  1.70298317e+14 -4.88930634e+13 -1.38103085e+14]
4.530745E-10 [ 8.80836535e+13  1.16998416e+14  1.15371313e+14 -1.40926499e+14
 -6.33121240e+13  1.64245355e+14 -1.76850292e+12 -1.59999959e+14
  8.83424315e+13  1.25578429e+14 -1.35067640e+14 -6.11800402e+13
  1.66959608e+14 -1.40019847e+13 -1.52770791e+14]
4.543566E-10 [ 8.84075262e+13  1.13757313e+14  1.18360948e+14 -1.34607531e+14
 -7.23880281e+13  1.59597706e+14  1.44257735e+13 -1.62028485e+14
  6.79192617e+13  1.38769915e+14 -1.16533351e+14 -8.67241212e+13
  1.57560968e+14  2.06777112e+13 -1.59061282e+14]
4.556439E-10 [ 8.87283793e+13  1.10553256e+14  1.21130304e+14 -1.28095805e+14
 -8.09056803e+13  1.53989629e+14  3.00829370e+13 -1.61909871e+14
  4.70502436e+13  1.48718737e+14 -9.54330726e+13 -1.08895983e+14
  1.42679927e+14  5.35962797e+13 -1.56947865e+14]
4.569363E-10 [ 8.90453527e+13  1.07394960e+14  1.23676814e+14 -1.21434014e+14
 -8.88256967e+13  1.47512068e+14  4.50315275e+13 -1.59730594e+14
  2.61548547e+13  1.55318364e+14 -7.24651629e+13 -1.27085343e+14
  1.23116173e+14  8.33289981e+13 -1.46873996e+14]
4.582338E-10 [ 8.93576628e+13  1.04290292e+14  1.26000237e+14 -1.14664294e+14
 -9.61186072e+13  1.40264369e+14  5.91222880e+13 -1.55616329e+14
  5.63007660e+12  1.58565972e+14 -4.83524412e+13 -1.40871250e+14
  9.98338005e+13  1.08692063e+14 -1.29714252e+14]
4.595362E-10 [ 8.96651519e+13  1.01240823e+14  1.28106169e+14 -1.07815317e+14
 -1.02776395e+14  1.32337140e+14  7.22535101e+13 -1.49714512e+14
 -1.41961277e+13  1.58554183e+14 -2.37663134e+13 -1.50043164e+14
  7.38516878e+13  1.28828660e+14 -1.06643123e+14]
4.608435E-10 [ 8.99682556e+13  9.82422185e+13  1.30004204e+14 -1.00901260e+14
 -1.08807165e+14  1.23804995e+14  8.43639997e+13 -1.42174803e+14
 -3.30655214e+13  1.55435922e+14  6.99359009e+11 -1.54558737e+14
  4.61695851e+13  1.43189200e+14 -7.89966546e+13]
4.621555E-10 [ 9.02673892e+13  9.52903538e+13  1.31703006e+14 -9.39348746e+13
 -1.14219356e+14  1.14739060e+14  9.54026723e+13 -1.33151022e+14
 -5.07484050e+13  1.49404002e+14  2.44911732e+13 -1.54496039e+14
  1.77761850e+13  1.51468441e+14 -4.82221774e+13]
4.634722E-10 [ 9.05625482e+13  9.23852468e+13  1.33208413e+14 -8.69372842e+13
 -1.19015349e+14  1.05220538e+14  1.05314612e+14 -1.22814782e+14
 -6.70213968e+13  1.40698724e+14  4.70714826e+13 -1.50050557e+14
 -1.03374344e+13  1.53596266e+14 -1.58599940e+13]
4.647935E-10 [ 9.08535269e+13  8.95288679e+13  1.34525462e+14 -7.99335038e+13
 -1.23197679e+14  9.53363665e+13  1.14052984e+14 -1.11352962e+14
 -8.16863368e+13  1.29608367e+14  6.79479980e+13 -1.41540479e+14
 -3.72271424e+13  1.49754750e+14  1.65413079e+13]
4.661192E-10 [ 9.11402350e+13  8.67220201e+13  1.35660050e+14 -7.29449084e+13
 -1.26774204e+14  8.51684691e+13  1.21589758e+14 -9.89538123e+13
 -9.45896270e+13  1.16451608e+14  8.67076718e+13 -1.29385400e+14
 -6.20563323e+13  1.40357529e+14  4.75331194e+13]
4.674494E-10 [ 9.14227642e+13  8.39637039e+13  1.36618847e+14 -6.59873851e+13
 -1.29757632e+14  7.47898757e+13  1.27914757e+14 -8.57987192e+13
 -1.05622518e+14  1.01560672e+14  1.03023679e+14 -1.14075792e+14
 -8.41220832e+13  1.26002977e+14  7.58351317e+13]
4.687838E-10 [ 9.17013305e+13  8.12517017e+13  1.37408708e+14 -5.90726036e+13
 -1.32163394e+14  6.42656478e+13  1.33030950e+14 -7.20603505e+13
 -1.14713955e+14  8.52717813e+13  1.16649244e+14 -9.61487282e+13
 -1.02859547e+14  1.07428118e+14  1.00369843e+14]
4.701225E-10 [ 9.19762000e+13  7.85833102e+13  1.38036227e+14 -5.22098386e+13
 -1.34007964e+14  5.36551538e+13  1.36950420e+14 -5.79035830e+13
 -1.21823652e+14  6.79205131e+13  1.27409555e+14 -7.61706504e+13
 -1.17839232e+14  8.54697906e+13  1.20280151e+14]
4.714652E-10 [ 9.22474901e+13  7.59572778e+13  1.38507239e+14 -4.54110287e+13
 -1.35307198e+14  4.30197821e+13  1.39690326e+14 -4.34945945e+13
 -1.26934386e+14  4.98487688e+13  1.35190943e+14 -5.47355252e+13
 -1.28756930e+14  6.10441051e+13  1.34930432e+14]
4.728120E-10 [ 9.25149838e+13  7.33755794e+13  1.38826962e+14 -3.86955743e+13
 -1.36076895e+14  3.24307166e+13  1.41273669e+14 -2.90109540e+13
 -1.30052343e+14  3.14147919e+13  1.39941307e+14 -3.24692242e+13
 -1.35436813e+14  3.51357379e+13  1.43919679e+14]
4.741627E-10 [ 9.27782110e+13  7.08425942e+13  1.39000801e+14 -3.20883255e+13
 -1.36335376e+14  2.19658411e+13  1.41734505e+14 -1.46365833e+13
 -1.31215554e+14  1.29837283e+13  1.41682569e+14 -1.00101247e+13
 -1.37849965e+14  8.75881089e+12  1.47111573e+14]
4.755173E-10 [ 9.30366412e+13  6.83632263e+13  1.39034884e+14 -2.56146216e+13
 -1.36104995e+14  1.17014643e+13  1.41120709e+14 -5.48730285e+11
 -1.30498160e+14 -5.09346623e+12  1.40516039e+14  1.20264567e+13
 -1.36120908e+14 -1.71038804e+13  1.44643642e+14]
4.768756E-10 [ 9.32899346e+13  6.59404925e+13  1.38936091e+14 -1.92938541e+13
 -1.35411710e+14  1.70151105e+12  1.39492391e+14  1.30987106e+13
 -1.28006780e+14 -2.25060464e+13  1.36614481e+14  3.30898604e+13
 -1.30512568e+14 -4.15682107e+13  1.36901404e+14]
4.782375E-10 [ 9.35384274e+13  6.35709148e+13  1.38711228e+14 -1.31273806e+13
 -1.34281346e+14 -8.00192092e+12  1.36912802e+14  2.62027376e+13
 -1.23863788e+14 -3.90217148e+13  1.30192972e+14  5.27473845e+13
 -1.21378833e+14 -6.39242748e+13  1.24443572e+14]
4.796030E-10 [ 9.37833154e+13  6.12428620e+13  1.38365257e+14 -7.09447142e+12
 -1.32732945e+14 -1.74142139e+13  1.33433171e+14  3.87173742e+13
 -1.18179753e+14 -5.44931627e+13  1.21463328e+14  7.06918939e+13
 -1.09093903e+14 -8.36472935e+13  1.07895003e+14]
4.809720E-10 [ 9.40256962e+13  5.89457466e+13  1.37901238e+14 -1.17672090e+12
 -1.30779839e+14 -2.65384917e+13  1.29095257e+14  5.05973949e+13
 -1.11055806e+14 -6.87837652e+13  1.10636077e+14  8.66495536e+13
 -9.40511164e+13 -1.00289210e+14  8.79367740e+13]
4.823444E-10 [ 9.42654943e+13  5.66801604e+13  1.37323312e+14  4.61577170e+12
 -1.28441524e+14 -3.53351986e+13  1.23957400e+14  6.17461284e+13
 -1.02626226e+14 -8.17060286e+13  9.79831361e+13  1.00314294e+14
 -7.67451923e+13 -1.13416797e+14  6.54050676e+13]
4.837200E-10 [ 9.45017634e+13  5.44548778e+13  1.36638350e+14  1.02528512e+13
 -1.25748812e+14 -4.37374559e+13  1.18104634e+14  7.20410048e+13
 -9.30738916e+13 -9.30616882e+13  8.38557056e+13  1.11407861e+14
 -5.77859999e+13 -1.22697073e+14  4.12892795e+13]
4.850988E-10 [ 9.47337214e+13  5.22770370e+13  1.35854113e+14  1.57098749e+13
 -1.22735686e+14 -5.16913087e+13  1.11629617e+14  8.13876625e+13
 -8.25964656e+13 -1.02709549e+14  6.86273515e+13  1.19759204e+14
 -3.78087252e+13 -1.27983298e+14  1.65938596e+13]
4.864807E-10 [ 9.49611962e+13  5.01479917e+13  1.34977044e+14  2.09779439e+13
 -1.19430945e+14 -5.91701081e+13  1.04614061e+14  8.97354055e+13
 -7.13741497e+13 -1.10578566e+14  5.26428099e+13  1.25309364e+14
 -1.73980785e+13 -1.29303057e+14 -7.77088905e+12]
4.878656E-10 [ 9.51845043e+13  4.80645143e+13  1.34011605e+14  2.60602917e+13
 -1.15856102e+14 -6.61674330e+13  9.71243547e+13  9.70646708e+13
 -5.95619330e+13 -1.16647178e+14  3.62057396e+13  1.28078843e+14
  2.93024907e+12 -1.26807815e+14 -3.10166854e+13]
4.892535E-10 [ 9.54042981e+13  4.60202766e+13  1.32960107e+14  3.09680161e+13
 -1.12025129e+14 -7.26892219e+13  8.92114529e+13  1.03374149e+14
 -4.72896767e+13 -1.20923506e+14  1.95793676e+13  1.28138278e+14
  2.27285417e+13 -1.20730049e+14 -5.24763470e+13]
4.906441E-10 [ 9.56212540e+13  4.40087855e+13  1.31823698e+14  3.57124804e+13
 -1.07948413e+14 -7.87420413e+13  8.09196343e+13  1.08665711e+14
 -3.46765061e+13 -1.23427481e+14  3.00731927e+12  1.25588329e+14
  4.15905928e+13 -1.11359945e+14 -7.15728524e+13]
4.920375E-10 [ 9.58357512e+13  4.20263541e+13  1.30604220e+14  4.02982651e+13
 -1.03639409e+14 -8.43240317e+13  7.23000898e+13  1.12936460e+14
 -2.18513567e+13 -1.24186831e+14 -1.32602505e+13  1.20561878e+14
  5.91241081e+13 -9.90531607e+13 -8.77950206e+13]
4.934335E-10 [ 9.60477796e+13  4.00729149e+13  1.29305336e+14  4.47217284e+13
 -9.91183237e+13 -8.94245432e+13  6.34175682e+13  1.16181792e+14
 -8.96113804e+12 -1.23245193e+14 -2.89603549e+13  1.13236846e+14
  7.49513424e+13 -8.42437143e+13 -1.00709704e+14]
4.948321E-10 [ 9.62569175e+13  3.81521793e+13  1.27933370e+14  4.89713275e+13
 -9.44145246e+13 -9.40265652e+13  5.43537867e+13  1.18401802e+14
  3.82732013e+12 -1.20672997e+14 -4.38210848e+13  1.03848894e+14
  8.87237647e+13 -6.74506384e+13 -1.09989818e+14]
4.962331E-10 [ 9.64626093e+13  3.62690438e+13  1.26496128e+14  5.30341162e+13
 -8.95618782e+13 -9.81159963e+13  4.51966915e+13  1.19610956e+14
  1.63462776e+13 -1.16573539e+14 -5.75911518e+13  9.26863711e+13
  1.00161362e+14 -4.92509322e+13 -1.15457803e+14]
4.976364E-10 [ 9.66648882e+13  3.44229735e+13  1.24997781e+14  5.69100370e+13
 -8.45812887e+13 -1.01695917e+14  3.60068960e+13  1.19841327e+14
  2.84743188e+13 -1.11064490e+14 -7.00937864e+13  8.00395466e+13
  1.09098655e+14 -3.01902148e+13 -1.17104048e+14]
4.990420E-10 [ 9.68646196e+13  3.26058662e+13  1.23435829e+14  6.06148625e+13
 -7.94715766e+13 -1.04784435e+14  2.68033798e+13  1.19128294e+14
  4.01498205e+13 -1.04246913e+14 -8.12291948e+13  6.61526989e+13
  1.15463156e+14 -1.07243482e+13 -1.15027880e+14]
5.004498E-10 [ 9.70625392e+13  3.08108811e+13  1.21807546e+14  6.41606083e+13
 -7.42317524e+13 -1.07393490e+14  1.76068734e+13  1.17500797e+14
  5.13090567e+13 -9.62187250e+13 -9.09019480e+13  5.12702856e+13
  1.19206926e+14  8.70001947e+12 -1.09387603e+14]
5.018597E-10 [ 9.72583983e+13  2.90401425e+13  1.20117749e+14  6.75411757e+13
 -6.88855057e+13 -1.09521138e+14  8.48140263e+12  1.14996049e+14
  6.18391588e+13 -8.71206505e+13 -9.89873535e+13  3.57117952e+13
  1.20307607e+14  2.75599007e+13 -1.00447453e+14]
5.032716E-10 [ 9.74515382e+13  2.72994427e+13  1.18375341e+14  7.07446846e+13
 -6.34686084e+13 -1.11166337e+14 -4.92061194e+11  1.11668746e+14
  7.16190408e+13 -7.71296854e+13 -1.05383562e+14  1.98367980e+13
  1.18818644e+14  4.53286445e+13 -8.86035498e+13]
5.046853E-10 [ 9.76418599e+13  2.55894831e+13  1.16584729e+14  7.37699638e+13
 -5.80017802e+13 -1.12338372e+14 -9.26187636e+12  1.07575486e+14
  8.05723376e+13 -6.64070512e+13 -1.10049629e+14  3.95540447e+12
  1.14864432e+14  6.15864180e+13 -7.43116836e+13]
5.061009E-10 [ 9.78298371e+13  2.39058304e+13  1.14744708e+14  7.66250113e+13
 -5.24884148e+13 -1.13050807e+14 -1.78059911e+13  1.02762570e+14
  8.86599248e+13 -5.50820821e+13 -1.12983775e+14 -1.16842938e+13
  1.08600493e+14  7.60170465e+13 -5.80302514e+13]
5.075182E-10 [ 9.80159367e+13  2.22441587e+13  1.12853495e+14  7.93169227e+13
 -4.69306649e+13 -1.13315073e+14 -2.61041390e+13  9.72735184e+13
  9.58472693e+13 -4.32797028e+13 -1.14197146e+14 -2.68492764e+13
  1.00206087e+14  8.83506229e+13 -4.02378419e+13]
5.089371E-10 [ 9.82003448e+13  2.06026795e+13  1.10911696e+14  8.18481961e+13
 -4.13380613e+13 -1.13141030e+14 -3.41253651e+13  9.11589683e+13
  1.02094628e+14 -3.11396298e+13 -1.13714214e+14 -4.12994891e+13
  8.98981234e+13  9.83489045e+13 -2.14549317e+13]
5.103575E-10 [ 9.83830278e+13  1.89815708e+13  1.08922080e+14  8.42183242e+13
 -3.57262804e+13 -1.12539376e+14 -4.18315219e+13  8.44784922e+13
  1.07363600e+14 -1.88145630e+13 -1.11580999e+14 -5.47970948e+13
  7.79349896e+13  1.05822226e+14 -2.23336274e+12]
5.117793E-10 [ 9.85638295e+13  1.73820957e+13  1.06888804e+14  8.64256285e+13
 -3.01144688e+13 -1.11523078e+14 -4.91824294e+13  7.72992531e+13
  1.11623753e+14 -6.46336324e+12 -1.07869452e+14 -6.71201195e+13
  6.46114236e+13  1.10645599e+14  1.68662561e+13]
5.132025E-10 [ 9.87427000e+13  1.58045620e+13  1.04814946e+14  8.84703159e+13
 -2.45181442e+13 -1.10106730e+14 -5.61459459e+13  6.96871753e+13
  1.14859783e+14  5.76659133e+12 -1.02673602e+14 -7.80836187e+13
  5.02363796e+13  1.12770375e+14  3.53157376e+13]
5.146270E-10 [ 9.89198972e+13  1.42465708e+13  1.02699922e+14  9.03562214e+13
 -1.89426816e+13 -1.08303228e+14 -6.27047227e+13  6.16957020e+13
  1.17071120e+14  1.77551155e+13 -9.60953737e+13 -8.75498057e+13
  3.51043611e+13  1.12214920e+14  5.26534078e+13]
5.160525E-10 [ 9.90957933e+13  1.27047462e+13  1.00541410e+14  9.20878196e+13
 -1.33892447e+13 -1.06123064e+14 -6.88466666e+13  5.33713898e+13
  1.18262545e+14  2.93958541e+13 -8.82406489e+13 -9.54090587e+13
  1.95010455e+13  1.09044755e+14  6.84680663e+13]
5.174792E-10 [ 9.92705496e+13  1.11775891e+13  9.83393253e+13  9.36669243e+13
 -7.86519701e+12 -1.03578189e+14 -7.45530254e+13  4.47693920e+13
  1.18440981e+14  4.05741290e+13 -7.92322294e+13 -1.01563824e+14
  3.72933995e+12  1.03373842e+14  8.23735547e+13]
5.189068E-10 [ 9.94440759e+13  9.66580574e+12  9.60966640e+13  9.50930897e+13
 -2.38551583e+12 -1.00684725e+14 -7.97990472e+13  3.59573896e+13
  1.17620680e+14  5.11665119e+13 -6.92174799e+13 -1.05936146e+14
 -1.18888946e+13  9.53763533e+13  9.40209651e+13]
5.203353E-10 [ 9.96161774e+13  8.17100314e+12  9.38178818e+13  9.63655185e+13
  3.03189982e+12 -9.74622535e+13 -8.45605557e+13  2.70090111e+13
  1.15827125e+14  6.10534443e+13 -5.83628233e+13 -1.08480438e+14
 -2.70324164e+13  8.52861969e+13  1.03126795e+14]
5.217646E-10 [ 9.97866864e+13  6.69454183e+12  9.15072350e+13  9.74842643e+13
  8.37048020e+12 -9.39317781e+13 -8.88184626e+13  1.79965374e+13
  1.13096718e+14  7.01294321e+13 -4.68436574e+13 -1.09188517e+14
 -4.14002619e+13  7.33850529e+13  1.09490935e+14]
5.231946E-10 [ 9.99556190e+13  5.23618251e+12  8.91665714e+13  9.84510639e+13
  1.36199514e+13 -9.01118321e+13 -9.25621756e+13  8.98158145e+12
  1.09472258e+14  7.83118415e+13 -3.48291911e+13 -1.08087064e+14
 -5.47310846e+13  5.99796459e+13  1.13003058e+14]
5.246252E-10 [ 1.00123217e+14  3.79374121e+12  8.67944780e+13  9.92688562e+13
  1.87774850e+13 -8.60157769e+13 -9.57881274e+13  1.19007784e+10
  1.04996712e+14  8.55395606e+13 -2.24736527e+13 -1.05226800e+14
 -6.68067240e+13  4.53816704e+13  1.13629992e+14]
5.260563E-10 [ 1.00289624e+14  2.36591319e+12  8.43906980e+13  9.99396009e+13
  2.38373940e+13 -8.16585239e+13 -9.84913467e+13 -8.86122275e+12
  9.97179128e+13  9.17551528e+13 -9.93724569e+12 -1.00679243e+14
 -7.74260690e+13  2.99246768e+13  1.11400886e+14]
5.274878E-10 [ 1.00454590e+14  9.54760111e+11  8.19605982e+13  1.00463777e+14
  2.87824713e+13 -7.70656303e+13 -1.00662999e+14 -1.75674684e+13
  9.37015756e+13  9.68984108e+13  2.59160654e+12 -9.45514191e+13
 -8.63946152e+13  1.39900527e+13  1.06422049e+14]
5.289196E-10 [ 1.00617759e+14 -4.36772853e+11  7.95113685e+13  1.00842526e+14
  3.35932404e+13 -7.22675985e+13 -1.02298621e+14 -2.60339399e+13
  8.70268877e+13  1.00924716e+14  1.49200536e+13 -8.69867973e+13
 -9.35570699e+13 -2.02507339e+12  9.88876106e+13]
5.303517E-10 [ 1.00779117e+14 -1.80865559e+12  7.70452870e+13  1.01078594e+14
  3.82611874e+13 -6.72863188e+13 -1.03402301e+14 -3.42092273e+13
  7.97664027e+13  1.03816016e+14  2.68887008e+13 -7.81395195e+13
 -9.88194418e+13 -1.77644998e+13  8.90486080e+13]
5.317839E-10 [ 1.00938897e+14 -3.16299253e+12  7.45606543e+13  1.01174960e+14
  4.27854865e+13 -6.21354736e+13 -1.03981395e+14 -4.20577435e+13
  7.19829784e+13  1.05569433e+14  3.83658630e+13 -6.81631128e+13
 -1.02130990e+14 -3.29130259e+13  7.71872538e+13]
5.332161E-10 [ 1.01097173e+14 -4.50047171e+12  7.20581324e+13  1.01134067e+14
  4.71607695e+13 -5.68332207e+13 -1.04043003e+14 -4.95381987e+13
  6.37475942e+13  1.06188088e+14  4.92168742e+13 -5.72298145e+13
 -1.03467786e+14 -4.71599278e+13  6.36324840e+13]
5.346483E-10 [ 1.01253772e+14 -5.81973344e+12  6.95422077e+13  1.00958613e+14
  5.13755335e+13 -5.14059388e+13 -1.03596699e+14 -5.66015038e+13
  5.51459948e+13  1.05686579e+14  5.93023484e+13 -4.55395142e+13
 -1.02841891e+14 -6.02005808e+13  4.87686226e+13]
5.360804E-10 [ 1.01408606e+14 -7.12012656e+12  6.70161415e+13  1.00651772e+14
  5.54214263e+13 -4.58776269e+13 -1.02655727e+14 -6.32072522e+13
  4.62618746e+13  1.04094319e+14  6.85037676e+13 -3.32954276e+13
 -1.00307254e+14 -7.17746320e+13  3.29993314e+13]
5.375122E-10 [ 1.01561810e+14 -8.40288456e+12  6.44794991e+13  1.00216380e+14
  5.92965204e+13 -4.02640455e+13 -1.01234032e+14 -6.93286355e+13
  3.71661922e+13  1.01449072e+14  7.67305676e+13 -2.06859816e+13
 -9.59476176e+13 -8.16771489e+13  1.67164796e+13]
5.389437E-10 [ 1.01713418e+14 -9.66837475e+12  6.19333946e+13  9.96552838e+13
  6.29964696e+13 -3.45840260e+13 -9.93470100e+13 -7.49375600e+13
  2.79347167e+13  9.77971539e+13  8.38992485e+13 -7.90677335e+12
 -8.98750615e+13 -8.97333852e+13  3.22384857e+11]
5.403748E-10 [ 1.01863099e+14 -1.09139308e+13  5.93850855e+13  9.89729893e+13
  6.65087934e+13 -2.88699408e+13 -9.70171769e+13 -7.99972571e+13
  1.86647804e+13  9.32044435e+13  8.99263624e+13  4.81823752e+12
 -8.22468605e+13 -9.57957114e+13 -1.57491796e+13]
5.418054E-10 [ 1.02010474e+14 -1.21365182e+13  5.68428783e+13  9.81753213e+13
  6.98215830e+13 -2.31563275e+13 -9.42730677e+13 -8.44774583e+13
  9.45575469e+12  8.77539667e+13  9.47514734e+13  1.72673507e+13
 -7.32588802e+13 -9.97754775e+13 -3.10809650e+13]
5.432354E-10 [ 1.02155539e+14 -1.33362156e+13  5.43087845e+13  9.72668508e+13
  7.29327360e+13 -1.74630424e+13 -9.11400594e+13 -8.83665255e+13
  3.80810034e+11  8.15264315e+13  9.83495843e+13  2.92622507e+13
 -6.31101837e+13 -1.01651600e+14 -4.53295951e+13]
5.446647E-10 [ 1.02298547e+14 -1.45152479e+13  5.17801353e+13  9.62502743e+13
  7.58459892e+13 -1.17987677e+13 -8.76379474e+13 -9.16629757e+13
 -8.50712214e+12  7.45943974e+13  1.00716058e+14  4.06593898e+13
 -5.19916064e+13 -1.01446229e+14 -5.82147493e+13]
5.460932E-10 [ 1.02439642e+14 -1.56748913e+13  4.92560559e+13  9.51285221e+13
  7.85625513e+13 -6.17566367e+12 -8.37881522e+13 -9.43641300e+13
 -1.71517514e+13  6.70361479e+13  1.01854146e+14  5.13188269e+13
 -4.01067418e+13 -9.92132164e+13 -6.94831768e+13]
5.475208E-10 [ 1.02578765e+14 -1.68147830e+13  4.67391462e+13  9.39059885e+13
  8.10801095e+13 -6.13061131e+11 -7.96178427e+13 -9.64667027e+13
 -2.54885349e+13  5.89431007e+13  1.01778852e+14  6.11006517e+13
 -2.76807817e+13 -9.50458572e+13 -7.89103023e+13]
5.489475E-10 [ 1.02715837e+14 -1.79343827e+13  4.42324193e+13  9.25875089e+13
  8.33967406e+13  4.86953791e+12 -7.51562045e+13 -9.79718814e+13
 -3.34564192e+13  5.04114450e+13  1.00521484e+14  6.98820142e+13
 -1.49439353e+13 -8.90770481e+13 -8.63229410e+13]
5.503730E-10 [ 1.02850838e+14 -1.90336214e+13  4.17378331e+13  9.11775392e+13
  8.55121956e+13  1.02557361e+13 -7.04314882e+13 -9.88858614e+13
 -4.10028890e+13  4.15356474e+13  9.81274770e+13  7.75634125e+13
 -2.11908776e+12 -8.14706078e+13 -9.16054161e+13]
5.517975E-10 [ 1.02983688e+14 -2.01119805e+13  3.92583402e+13  8.96811997e+13
  8.74259465e+13  1.55277991e+13 -6.54743847e+13 -9.92182875e+13
 -4.80777031e+13  3.24141384e+13  9.46559454e+13  8.40621431e+13
  1.05720376e+13 -7.24207599e+13 -9.46936191e+13]
5.532207E-10 [ 1.03114188e+14 -2.11679485e+13  3.67992202e+13  8.81053131e+13
  8.91366338e+13  2.06640958e+13 -6.03211446e+13 -9.89833480e+13
 -5.46305050e+13  2.31537632e+13  9.01829843e+13  8.93122959e+13
  2.29062652e+13 -6.21552845e+13 -9.55781363e+13]
5.546425E-10 [ 1.03242213e+14 -2.22006570e+13  3.43643534e+13  8.64562662e+13
  9.06452005e+13  2.56472691e+13 -5.50061468e+13 -9.82008107e+13
 -6.06225596e+13  1.38548014e+13  8.47961380e+13  9.32766883e+13
  3.46830226e+13 -5.09169533e+13 -9.43098447e+13]
5.560629E-10 [ 1.03367940e+14 -2.32116500e+13  3.19519034e+13  8.47366642e+13
  9.19567112e+13  3.04727065e+13 -4.95511990e+13 -9.68918241e+13
 -6.60354432e+13  4.59241363e+12  7.85785543e+13  9.59481920e+13
  4.57472505e+13 -3.89317265e+13 -9.09840941e+13]
5.574818E-10 [ 1.03491674e+14 -2.42035167e+13  2.95573191e+13  8.29466853e+13
  9.30770192e+13  3.51414754e+13 -4.39705360e+13 -9.50754159e+13
 -7.08593262e+13 -4.57273247e+12  7.16073942e+13  9.73339279e+13
  5.59714938e+13 -2.64113950e+13 -8.57214186e+13]
5.588991E-10 [ 1.03613513e+14 -2.51771286e+13  2.71799798e+13  8.10889478e+13
  9.40093728e+13  3.96470487e+13 -3.82862391e+13 -9.27726897e+13
 -7.50782964e+13 -1.35685517e+13  6.39716225e+13  9.74483562e+13
  6.52258381e+13 -1.35856104e+13 -7.86755978e+13]
5.603147E-10 [ 1.03733303e+14 -2.61313760e+13  2.48240667e+13  7.91698489e+13
  9.47555004e+13  4.39746098e+13 -3.25315505e+13 -9.00115619e+13
 -7.86730797e+13 -2.23089904e+13  5.57799061e+13  9.63223115e+13
  7.33817604e+13 -7.07207239e+11 -7.00468133e+13]
5.617284E-10 [ 1.03850888e+14 -2.70651140e+13  2.24939230e+13  7.71962761e+13
  9.53182054e+13  4.81104983e+13 -2.67401262e+13 -8.68241008e+13
 -8.16318691e+13 -3.07131928e+13  4.71468156e+13  9.40075346e+13
  8.03362090e+13  1.19773025e+13 -6.00689743e+13]
5.631403E-10 [ 1.03966234e+14 -2.79782169e+13  2.01913799e+13  7.51732159e+13
  9.57017442e+13  5.20468311e+13 -2.09389575e+13 -8.32418172e+13
 -8.39528767e+13 -3.87158868e+13  3.81800377e+13  9.05706803e+13
  8.60194887e+13  2.42481574e+13 -4.89884729e+13]
5.645502E-10 [ 1.04079396e+14 -2.88712169e+13  1.79165644e+13  7.31041536e+13
  9.59109629e+13  5.57795302e+13 -1.51499032e+13 -7.92948096e+13
 -8.56408876e+13 -4.62639642e+13  2.89800630e+13  8.60880400e+13
  9.03887487e+13  3.59112848e+13 -3.70559399e+13]
5.659580E-10 [ 1.04190453e+14 -2.97448697e+13  1.56689544e+13  7.09918632e+13
  9.59507783e+13  5.93061978e+13 -9.39217931e+12 -7.50123950e+13
 -8.67047681e+13 -5.33122980e+13  1.96425634e+13  8.06433960e+13
  9.34224512e+13  4.67943686e+13 -2.45236213e+13]
5.673636E-10 [ 1.04299444e+14 -3.05995856e+13  1.34488312e+13  6.88397322e+13
  9.58260300e+13  6.26236908e+13 -3.68606031e+12 -7.04254722e+13
 -8.71560994e+13 -5.98188838e+13  1.02635297e+13  7.43294117e+13
  9.51166433e+13  5.67409812e+13 -1.16481059e+13]
5.687669E-10 [ 1.04406295e+14 -3.14349012e+13  1.12587052e+13  6.66532970e+13
  9.55419279e+13  6.57263441e+13  1.94342722e+12 -6.55701268e+13
 -8.70099953e+13 -6.57416918e+13  9.44906359e+11  6.72523409e+13
  9.54858020e+13  6.56073864e+13  1.30503689e+12]
5.701679E-10 [ 1.04510912e+14 -3.22501983e+13  9.10151132e+12  6.44386788e+13
  9.51044190e+13  6.86091801e+13  7.47124417e+12 -6.04846251e+13
 -8.62869578e+13 -7.10456114e+13 -8.21395046e+12  5.95275515e+13
  9.45669052e+13  7.32751160e+13  1.40765875e+13]
5.715665E-10 [ 1.04613362e+14 -3.30461157e+13  6.97684809e+12  6.21986526e+13
  9.45192474e+13  7.12727757e+13  1.28821079e+13 -5.51999043e+13
 -8.50107039e+13 -7.57113717e+13 -1.71335035e+13  5.12631214e+13
  9.24149881e+13  7.96647170e+13  2.64418238e+13]
5.729625E-10 [ 1.04713864e+14 -3.38244776e+13  4.88104057e+12  5.99322996e+13
  9.37908760e+13  7.37219294e+13  1.81701291e+13 -4.97376028e+13
 -8.32039211e+13 -7.97313669e+13 -2.57536969e+13  4.25538659e+13
  8.90927184e+13  8.47274965e+13  3.82124427e+13]
5.743559E-10 [ 1.04812564e+14 -3.45865152e+13  2.81185852e+12  5.76398785e+13
  9.29234756e+13  7.59593083e+13  2.33265507e+13 -4.41213542e+13
 -8.08897636e+13 -8.30976207e+13 -3.40134969e+13  3.34980006e+13
  8.46712678e+13  8.84275658e+13  4.92091674e+13]
5.757465E-10 [ 1.04909418e+14 -3.53319730e+13  7.71036126e+11  5.53258968e+13
  9.19227031e+13  7.79835332e+13  2.83336317e+13 -3.83848102e+13
 -7.80970831e+13 -8.58001610e+13 -4.18416900e+13  2.42100404e+13
  7.92399856e+13  9.07423556e+13  5.92518521e+13]
5.771344E-10 [ 1.05004352e+14 -3.60603956e+13 -1.23913472e+12  5.29956049e+13
  9.07950004e+13  7.97937669e+13  3.31735466e+13 -3.25632620e+13
 -7.48589302e+13 -8.78354918e+13 -4.91724345e+13  1.48064579e+13
  7.29027884e+13  9.16746441e+13  6.81837027e+13]
5.785193E-10 [ 1.05097430e+14 -3.67723723e+13 -3.21926042e+12  5.06509245e+13
  8.95454743e+13  8.13926127e+13  3.78366916e+13 -2.66831683e+13
 -7.12060512e+13 -8.92092299e+13 -5.59580654e+13  5.38749029e+12
  6.57638895e+13  9.12516014e+13  7.58879672e+13]
5.799012E-10 [ 1.05188796e+14 -3.74691004e+13 -5.17171877e+12  4.82914962e+13
  8.81777917e+13  8.27841097e+13  4.23184236e+13 -2.07645398e+13
 -6.71659925e+13 -8.99313706e+13 -6.21628563e+13 -3.95946181e+12
  5.79248050e+13  8.95157485e+13  8.22780444e+13]
5.812800E-10 [ 1.05278550e+14 -3.81514392e+13 -7.09803368e+12  4.59177612e+13
  8.66957338e+13  8.39714272e+13  4.66126879e+13 -1.48287134e+13
 -6.27674927e+13 -9.00136313e+13 -6.77533243e+13 -1.31476185e+13
  4.94920826e+13  8.65229443e+13  8.72858073e+13]
5.826556E-10 [ 1.05366722e+14 -3.88197001e+13 -8.99824268e+12  4.35318605e+13
  8.51040113e+13  8.49568890e+13  5.07108234e+13 -8.90061661e+12
 -5.80428494e+13 -8.94706497e+13 -7.26973663e+13 -2.20880277e+13
  4.05807957e+13  8.23449959e+13  9.08624002e+13]
5.840280E-10 [ 1.05453310e+14 -3.94739447e+13 -1.08717036e+13  4.11367486e+13
  8.34079429e+13  8.57428790e+13  5.46036444e+13 -3.00643038e+12
 -5.30268067e+13 -8.83211869e+13 -7.69678046e+13 -3.06941906e+13
  3.13110579e+13  7.70695953e+13  9.29829571e+13]
5.853970E-10 [ 1.05538302e+14 -4.01141801e+13 -1.27176390e+13  3.87355422e+13
  8.16130913e+13  8.63322516e+13  5.82827323e+13  2.82816385e+12
 -4.77552428e+13 -8.65881542e+13 -8.05442509e+13 -3.88854933e+13
  2.18042307e+13  7.07981001e+13  9.36480384e+13]
5.867625E-10 [ 1.05621692e+14 -4.07404334e+13 -1.45353476e+13  3.63312533e+13
  7.97250752e+13  8.67284233e+13  6.17409001e+13  8.57875620e+12
 -4.22643732e+13 -8.42982190e+13 -8.34135968e+13 -4.65888990e+13
  1.21802472e+13  6.36429282e+13  9.28829429e+13]
5.881244E-10 [ 1.05703481e+14 -4.13528059e+13 -1.63243636e+13  3.39265658e+13
  7.77493627e+13  8.69353427e+13  6.49724596e+13  1.42228172e+13
 -3.65899307e+13 -8.14811044e+13 -8.55699707e+13 -5.37401081e+13
  2.55511386e+12  5.57244639e+13  9.07357904e+13]
5.894827E-10 [ 1.05783684e+14 -4.19514939e+13 -1.80845254e+13  3.15237227e+13
  7.56911243e+13  8.69573807e+13  6.79732464e+13  1.97399834e+13
 -3.07665684e+13 -7.81688244e+13 -8.70142537e+13 -6.02840110e+13
 -6.96094458e+12  4.71680924e+13  8.72748639e+13]
5.908373E-10 [ 1.05862333e+14 -4.25368061e+13 -1.98160310e+13  2.91244233e+13
  7.35550799e+13  8.67991835e+13  7.07405716e+13  2.51122561e+13
 -2.48273068e+13 -7.43948505e+13 -8.77533681e+13 -6.61747780e+13
 -1.62649921e+13  3.81013107e+13  8.25854808e+13]
5.921880E-10 [ 1.05939469e+14 -4.31091432e+13 -2.15193866e+13  2.67298678e+13
  7.13454691e+13  8.64655107e+13  7.32729597e+13  3.03238130e+13
 -1.88033885e+13 -7.01934873e+13 -8.77993739e+13 -7.13753001e+13
 -2.52619692e+13  2.86515933e+13  7.67669150e+13]
5.935348E-10 [ 1.06015142e+14 -4.36689435e+13 -2.31952486e+13  2.43409600e+13
  6.90661857e+13  8.59611350e+13  7.55697554e+13  3.53604649e+13
 -1.27246194e+13 -6.55996720e+13 -8.71686775e+13 -7.58562445e+13
 -3.38644184e+13  1.89452946e+13  6.99299960e+13]
5.948775E-10 [ 1.06089400e+14 -4.42166389e+13 -2.48442917e+13  2.19584894e+13
  6.67209301e+13  8.52908172e+13  7.76308475e+13  4.02092042e+13
 -6.61973686e+12 -6.06489663e+13 -8.58815402e+13 -7.95953543e+13
 -4.19922084e+13  9.10687619e+12  6.21952218e+13]
5.962162E-10 [ 1.06162282e+14 -4.47525954e+13 -2.64670295e+13  1.95833960e+13
  6.43134707e+13  8.44593694e+13  7.94564071e+13  4.48576389e+13
 -5.17030933e+11 -5.53778880e+13 -8.39618815e+13 -8.25768295e+13
 -4.95719983e+13 -7.41284383e+11  5.36915557e+13]
5.975506E-10 [ 1.06233814e+14 -4.52770610e+13 -2.80636479e+13  1.72170321e+13
  6.18479435e+13  8.34718159e+13  8.10467697e+13  4.92935500e+13
  5.55503337e+12 -4.98244440e+13 -8.14374676e+13 -8.47911403e+13
 -5.65369665e+13 -1.04789969e+13  4.45556969e+13]
5.988808E-10 [ 1.06304003e+14 -4.57901605e+13 -2.96339802e+13  1.48612263e+13
  5.93289725e+13  8.23335388e+13  8.24025534e+13  5.35049215e+13
  1.15677360e+13 -4.40282935e+13 -7.83401255e+13 -8.62353455e+13
 -6.28273967e+13 -1.99892729e+13  3.49307277e+13]
6.002065E-10 [ 1.06372840e+14 -4.62919005e+13 -3.11775170e+13  1.25182956e+13
  5.67617359e+13  8.10504061e+13  8.35248305e+13  5.74801050e+13
  1.74922052e+13 -3.80307447e+13 -7.47058871e+13 -8.69134927e+13
 -6.83915034e+13 -2.91596928e+13  2.49643618e+13]
6.015278E-10 [ 1.06440311e+14 -4.67822434e+13 -3.26936238e+13  1.01907364e+13
  5.41516735e+13  7.96287108e+13  8.44154414e+13  6.12085372e+13
  2.33003745e+13 -3.18738510e+13 -7.05745357e+13 -8.68370245e+13
 -7.31869921e+13 -3.78851165e+13  1.48055673e+13]
6.028445E-10 [ 1.06506425e+14 -4.72613291e+13 -3.41822272e+13  7.88016954e+12
  5.15032970e+13  7.80745087e+13  8.50773779e+13  6.46824507e+13
  2.89677545e+13 -2.55972974e+13 -6.59872676e+13 -8.60243719e+13
 -7.71833996e+13 -4.60728189e+13  4.59756652e+12]
6.041565E-10 [ 1.06571236e+14 -4.77296005e+13 -3.56442200e+13  5.58666329e+12
  4.88192995e+13  7.63928732e+13  8.55145253e+13  6.78974534e+13
  3.44749969e+13 -1.92359803e+13 -6.09839786e+13 -8.44988738e+13
 -8.03617705e+13 -5.36448424e+13 -5.52746359e+12]
6.054638E-10 [ 1.06634796e+14 -4.81875050e+13 -3.70805418e+13  3.31012152e+12
  4.61020543e+13  7.45885855e+13  8.57308647e+13  7.08500083e+13
  3.98042953e+13 -1.28234188e+13 -5.56049354e+13 -8.22876159e+13
 -8.27106699e+13 -6.05325174e+13 -1.54436754e+13]
6.067662E-10 [ 1.06697105e+14 -4.86351054e+13 -3.84909531e+13  1.05225150e+12
  4.33560095e+13  7.26678001e+13  8.57304333e+13  7.35350202e+13
  4.49348523e+13 -6.39731070e+12 -4.98955082e+13 -7.94234952e+13
 -8.42244537e+13 -6.66711376e+13 -2.50241341e+13]
6.080637E-10 [ 1.06758122e+14 -4.90721676e+13 -3.98742858e+13 -1.18375798e+12
  4.05874730e+13  7.06382166e+13  8.55180467e+13  7.59470400e+13
  4.98441797e+13  1.31989261e+09 -4.39063073e+13 -7.59466765e+13
 -8.49060059e+13 -7.20035203e+13 -3.41443978e+13]
6.093561E-10 [ 1.06817837e+14 -4.94986727e+13 -4.12300562e+13 -3.39580920e+12
  3.78015023e+13  6.85069406e+13  8.50993878e+13  7.80834643e+13
  5.45141493e+13  6.33572621e+12 -3.76863485e+13 -7.19010828e+13
 -8.47685731e+13 -7.64878410e+13 -4.26953388e+13]
6.106434E-10 [ 1.06876303e+14 -4.99150719e+13 -4.25592911e+13 -5.58430690e+12
  3.49999814e+13  6.62787393e+13  8.44800951e+13  7.99451555e+13
  5.89335074e+13  1.25777600e+13 -3.12777240e+13 -6.73294020e+13
 -8.38328239e+13 -8.00983575e+13 -5.05886027e+13]
6.119255E-10 [ 1.06933583e+14 -5.03218719e+13 -4.38632267e+13 -7.75009229e+12
  3.21840875e+13  6.39576670e+13  8.36655115e+13  8.15336436e+13
  6.30928817e+13  1.87019495e+13 -2.47203925e+13 -6.22746935e+13
 -8.21240458e+13 -8.28184941e+13 -5.77474606e+13]
6.132023E-10 [ 1.06989682e+14 -5.07191564e+13 -4.51417684e+13 -9.89186566e+12
  2.93576789e+13  6.15499123e+13  8.26617784e+13  8.28493586e+13
  6.69799015e+13  2.46782077e+13 -1.80600333e+13 -5.67864576e+13
 -7.96742356e+13 -8.46377785e+13 -6.40988255e+13]
6.144736E-10 [ 1.07044556e+14 -5.11066669e+13 -4.63937273e+13 -1.20065019e+13
  2.65270585e+13  5.90639225e+13  8.14765193e+13  8.38928862e+13
  7.05807239e+13  3.04731248e+13 -1.13475839e+13 -5.09214904e+13
 -7.65244632e+13 -8.55555029e+13 -6.95776300e+13]
6.157395E-10 [ 1.07098177e+14 -5.14842748e+13 -4.76183349e+13 -1.40915680e+13
  2.36976948e+13  5.65076892e+13  8.01178720e+13  8.46668162e+13
  7.38849573e+13  3.60573459e+13 -4.63112557e+12 -4.47373130e+13
 -7.27221933e+13 -8.55836096e+13 -7.41358512e+13]
6.169997E-10 [ 1.07150573e+14 -5.18522292e+13 -4.88160570e+13 -1.61467515e+13
  2.08721870e+13  5.38867325e+13  7.85930828e+13  8.51756602e+13
  7.68874045e+13  4.14093119e+13  2.04940535e+12 -3.82862956e+13
 -6.83162708e+13 -8.47441698e+13 -7.77440176e+13]
6.182543E-10 [ 1.07201801e+14 -5.22109759e+13 -4.99880211e+13 -1.81729367e+13
  1.80513940e+13  5.12048834e+13  7.69084586e+13  8.54246128e+13
  7.95857189e+13  4.65123342e+13  8.65968401e+12 -3.16167174e+13
 -6.33557076e+13 -8.30658004e+13 -8.03860270e+13]
6.195031E-10 [ 1.07251912e+14 -5.25609359e+13 -5.11352991e+13 -2.01709865e+13
  1.52360783e+13  4.84657434e+13  7.50700770e+13  8.54189518e+13
  8.19782851e+13  5.13511848e+13  1.51670999e+13 -2.47760349e+13
 -5.78911769e+13 -8.05826531e+13 -8.20555774e+13]
6.207460E-10 [ 1.07300945e+14 -5.29024281e+13 -5.22586495e+13 -2.21412821e+13
  1.24275734e+13  4.56733576e+13  7.30842679e+13  8.51640883e+13
  8.40636832e+13  5.59109613e+13  2.15392429e+13 -1.78123921e+13
 -5.19760661e+13 -7.73346685e+13 -8.27555340e+13]
6.219830E-10 [ 1.07348917e+14 -5.32356229e+13 -5.33583595e+13 -2.40834270e+13
  9.62824608e+12  4.28327419e+13  7.09580983e+13  8.46658498e+13
  8.58406175e+13  6.01765772e+13  2.77430127e+13 -1.07757196e+13
 -4.56675273e+13 -7.33683445e+13 -8.24983029e+13]
6.232139E-10 [ 1.07395824e+14 -5.35605260e+13 -5.44341834e+13 -2.59961130e+13
  6.84174619e+12  3.99502338e+13  6.86998052e+13  8.39309166e+13
  8.73082385e+13  6.41328516e+13  3.37444076e+13 -3.71825473e+12
 -3.90272485e+13 -6.87376795e+13 -8.13069083e+13]
6.244387E-10 [ 1.07441649e+14 -5.38770795e+13 -5.54856726e+13 -2.78776828e+13
  4.07223801e+12  3.70327875e+13  6.63184002e+13  8.29670030e+13
  8.84670462e+13  6.77661346e+13  3.95106474e+13  3.30769603e+12
 -3.21196196e+13 -6.35032968e+13 -7.92156103e+13]
6.256572E-10 [ 1.07486387e+14 -5.41852962e+13 -5.65126184e+13 -2.97269199e+13
  1.32324344e+12  3.40867636e+13  6.38226960e+13  8.17824933e+13
  8.93194455e+13  7.10659658e+13  4.50128438e+13  1.02531274e+13
 -2.50082301e+13 -5.77295573e+13 -7.62684976e+13]
6.268694E-10 [ 1.07530051e+14 -5.44852983e+13 -5.75151861e+13 -3.15433039e+13
 -1.40277045e+12  3.11174236e+13  6.12207620e+13  8.03859722e+13
  8.98695080e+13  7.40252490e+13  5.02267384e+13  1.70737360e+13
 -1.77538435e+13 -5.14821405e+13 -7.25171446e+13]
6.280752E-10 [ 1.07572663e+14 -5.47773004e+13 -5.84938615e+13 -3.33269279e+13
 -4.10430611e+12  2.81289493e+13  5.85198057e+13  7.87859126e+13
  9.01224842e+13  7.66396901e+13  5.51322693e+13  2.37298830e+13
 -1.04137880e+13 -4.48266701e+13 -6.80185815e+13]
6.292744E-10 [ 1.07614260e+14 -5.50615923e+13 -5.94493963e+13 -3.50784120e+13
 -6.78073385e+12  2.51244944e+13  5.57261045e+13  7.69904249e+13
  9.00843621e+13  7.89072342e+13  5.97130545e+13  3.01863650e+13
 -3.04163901e+12 -3.78276775e+13 -6.28335431e+13]
6.304671E-10 [ 1.07654883e+14 -5.53384980e+13 -6.03826722e+13 -3.67986620e+13
 -9.43194632e+12  2.21065260e+13  5.28452316e+13  7.50072309e+13
  8.97614982e+13  8.08273414e+13  6.39554402e+13  3.64114839e+13
  4.31220356e+12 -3.05485099e+13 -5.70255115e+13]
6.316530E-10 [ 1.07694569e+14 -5.56083058e+13 -6.12944660e+13 -3.84884379e+13
 -1.20576982e+13  1.90775606e+13  4.98827228e+13  7.28440483e+13
  8.91605196e+13  8.24002800e+13  6.78472305e+13  4.23754103e+13
  1.15988696e+13 -2.30525631e+13 -5.06611417e+13]
6.328322E-10 [ 1.07733344e+14 -5.58712334e+13 -6.21853285e+13 -4.01481208e+13
 -1.46572287e+13  1.60406244e+13  4.68445592e+13  7.05089880e+13
  8.82885084e+13  8.36269899e+13  7.13772027e+13  4.80494056e+13
  1.87701013e+13 -1.54041238e+13 -4.38108139e+13]
6.340044E-10 [ 1.07771222e+14 -5.61274190e+13 -6.30555513e+13 -4.17776421e+13
 -1.72291272e+13  1.29994464e+13  4.37374189e+13  6.80108340e+13
  8.71532552e+13  8.45092534e+13  7.45351567e+13  5.34057450e+13
  2.57780872e+13 -7.66855971e+12 -3.65487810e+13]
6.351697E-10 [ 1.07808206e+14 -5.63769108e+13 -6.39051293e+13 -4.33763997e+13
 -1.97711777e+13  9.95868571e+12  4.05689759e+13  6.53593906e+13
  8.57636010e+13  8.50499677e+13  7.73120724e+13  5.84177359e+13
  3.25753565e+13  8.74948357e+10 -2.89533916e+13]
6.363279E-10 [ 1.07844287e+14 -5.66196902e+13 -6.47338339e+13 -4.49433877e+13
 -2.22805385e+13  6.92375885e+12  3.73477934e+13  6.25655078e+13
  8.41296454e+13  8.52535698e+13  7.97007440e+13  6.30605335e+13
  3.91157154e+13  7.79710637e+12 -2.11062155e+13]
6.374790E-10 [ 1.07879462e+14 -5.68557721e+13 -6.55415573e+13 -4.64778382e+13
 -2.47547589e+13  3.89963175e+12  3.40820748e+13  5.96400519e+13
  8.22622370e+13  8.51263249e+13  8.16970169e+13  6.73133737e+13
  4.53573578e+13  1.53967579e+13 -1.30881502e+13]
6.386228E-10 [ 1.07913745e+14 -5.70852912e+13 -6.63286067e+13 -4.79797910e+13
 -2.71927163e+13  8.89636404e+11  3.07783164e+13  5.65925823e+13
  8.01719411e+13  8.46758734e+13  8.33001417e+13  7.11609245e+13
  5.12652994e+13  2.28298146e+13 -4.97512837e+12]
6.397592E-10 [ 1.07947167e+14 -5.73084785e+13 -6.70956286e+13 -4.94499612e+13
 -2.95944358e+13 -2.10437223e+12  2.74413605e+13  5.34312019e+13
  7.78686147e+13  8.39105060e+13  8.45118206e+13  7.45922729e+13
  5.68105726e+13  3.00462529e+13  3.16247351e+12]
6.408882E-10 [ 1.07979757e+14 -5.75255697e+13 -6.78432963e+13 -5.08891485e+13
 -3.19601454e+13 -5.08087964e+12  2.40755841e+13  5.01635484e+13
  7.53619077e+13  8.28389103e+13  8.53350825e+13  7.75989518e+13
  6.19676323e+13  3.69998459e+13  1.12573308e+13]
6.420097E-10 [ 1.08011537e+14 -5.77367458e+13 -6.85721034e+13 -5.22978367e+13
 -3.42896123e+13 -8.03787042e+12  2.06858555e+13  4.67977232e+13
  7.26619644e+13  8.14704425e+13  8.57739937e+13  8.01740275e+13
  6.67128827e+13  4.36463108e+13  1.92432265e+13]
6.431235E-10 [ 1.08042524e+14 -5.79421409e+13 -6.92823892e+13 -5.36762367e+13
 -3.65821993e+13 -1.09728741e+13  1.72775205e+13  4.33423310e+13
  6.97795295e+13  7.98153031e+13  8.58338959e+13  8.23123957e+13
  7.10250299e+13  4.99437324e+13  2.70555706e+13]
6.442296E-10 [ 1.08072729e+14 -5.81418665e+13 -6.99744209e+13 -5.50244400e+13
 -3.88371086e+13 -1.38832606e+13  1.38560853e+13  3.98061947e+13
  6.67257575e+13  7.78845044e+13  8.55215756e+13  8.40111905e+13
  7.48857581e+13  5.58535215e+13  3.46326433e+13]
6.453279E-10 [ 1.08102163e+14 -5.83360247e+13 -7.06484406e+13 -5.63425087e+13
 -4.10535290e+13 -1.67664230e+13  1.04270091e+13  3.61981467e+13
  6.35120357e+13  7.56897605e+13  8.48452547e+13  8.52699186e+13
  7.82800584e+13  6.13409967e+13  4.19164938e+13]
6.464183E-10 [ 1.08130838e+14 -5.85247148e+13 -7.13046848e+13 -5.76305120e+13
 -4.32306943e+13 -1.96198523e+13  6.99561434e+12  3.25269280e+13
  6.01498792e+13  7.32433881e+13  8.38145128e+13  8.60904375e+13
  8.11963148e+13  6.63756555e+13  4.88534891e+13]
6.475007E-10 [ 1.08158764e+14 -5.87080399e+13 -7.19434095e+13 -5.88885751e+13
 -4.53679663e+13 -2.24412479e+13  3.56694784e+12  2.88010260e+13
  5.66507555e+13  7.05581338e+13  8.24401399e+13  8.64768695e+13
  8.36263417e+13  7.09314145e+13  5.53948607e+13]
6.485751E-10 [ 1.08185954e+14 -5.88861097e+13 -7.25648992e+13 -6.01168975e+13
 -4.74648664e+13 -2.52285625e+13  1.45716349e+11  2.50285824e+13
  5.30259616e+13  6.76470180e+13  8.07339541e+13  8.64354221e+13
  8.55652594e+13  7.49866267e+13  6.14969762e+13]
6.496412E-10 [ 1.08212420e+14 -5.90590350e+13 -7.31694466e+13 -6.13157118e+13
 -4.95210074e+13 -2.79799153e+13 -3.26361721e+12  2.12174796e+13
  4.92866693e+13  6.45233093e+13  7.87086877e+13  8.59741857e+13
  8.70112378e+13  7.85238427e+13  6.71212332e+13]
6.506991E-10 [ 1.08238176e+14 -5.92269183e+13 -7.37573216e+13 -6.24852230e+13
 -5.15359876e+13 -3.06934515e+13 -6.65666342e+12  1.73755189e+13
  4.54440781e+13  6.12006128e+13  7.63779802e+13  8.51030155e+13
  8.79652812e+13  8.15295514e+13  7.22338498e+13]
6.517486E-10 [ 1.08263230e+14 -5.93898517e+13 -7.43287619e+13 -6.36255881e+13
 -5.35093538e+13 -3.33672894e+13 -1.00290387e+13  1.35104956e+13
  4.15094810e+13  5.76929082e+13  7.37563741e+13  8.38334795e+13
  8.84311441e+13  8.39941058e+13  7.68058782e+13]
6.527896E-10 [ 1.08287592e+14 -5.95479245e+13 -7.48840000e+13 -6.47369679e+13
 -5.54406896e+13 -3.59996368e+13 -1.33765101e+13  9.63003164e+12
  3.74940872e+13  5.40143755e+13  7.08591568e+13  8.21787399e+13
  8.84152869e+13  8.59118073e+13  8.08134940e+13]
6.538221E-10 [ 1.08311275e+14 -5.97012346e+13 -7.54233028e+13 -6.58196078e+13
 -5.73297540e+13 -3.85889822e+13 -1.66952431e+13  5.74127742e+12
  3.34086915e+13  5.01790541e+13  6.77020341e+13  8.01532742e+13
  8.79266939e+13  8.72808879e+13  8.42382318e+13]
6.548460E-10 [ 1.08334291e+14 -5.98498923e+13 -7.59469851e+13 -6.68738634e+13
 -5.91765292e+13 -4.11341633e+13 -1.99818997e+13  1.85077524e+12
  2.92634949e+13  4.62006151e+13  6.43008520e+13  7.77725563e+13
  8.69765423e+13  8.81032236e+13  8.70668296e+13]
6.558611E-10 [ 1.08356655e+14 -5.99940115e+13 -7.64553792e+13 -6.79001411e+13
 -6.09811179e+13 -4.36342316e+13 -2.32334741e+13 -2.03536592e+12
  2.50682549e+13  4.20924468e+13  6.06715803e+13  7.50529078e+13
  8.55779115e+13  8.83839208e+13  8.92907508e+13]
6.568674E-10 [ 1.08378379e+14 -6.01336966e+13 -7.69487875e+13 -6.88988013e+13
 -6.27435717e+13 -4.60882133e+13 -2.64469850e+13 -5.91111233e+12
  2.08326538e+13  3.78679815e+13  5.68305474e+13  7.20115896e+13
  8.37456963e+13  8.81310415e+13  9.09057481e+13]
6.578647E-10 [ 1.08399475e+14 -6.02690365e+13 -7.74274615e+13 -6.98701152e+13
 -6.44638135e+13 -4.84949988e+13 -2.96193254e+13 -9.77031939e+12
  1.65665028e+13  3.35408932e+13  5.27946056e+13  6.86669088e+13
  8.14966343e+13  8.73555474e+13  9.19117435e+13]
6.588531E-10 [ 1.08419950e+14 -6.04001083e+13 -7.78916147e+13 -7.08142886e+13
 -6.61416752e+13 -5.08533893e+13 -3.27473181e+13 -1.36067932e+13
  1.22796784e+13  2.91250354e+13  4.85810689e+13  6.50381556e+13
  7.88492491e+13  8.60712660e+13  9.23128522e+13]
6.598323E-10 [ 1.08439812e+14 -6.05269831e+13 -7.83414429e+13 -7.17315030e+13
 -6.77769703e+13 -5.31621961e+13 -3.58278435e+13 -1.74144441e+13
  7.98195108e+12  2.46342577e+13  4.42075228e+13  6.11454161e+13
  7.58236788e+13  8.42947596e+13  9.21173324e+13]
6.608024E-10 [ 1.08459070e+14 -6.06497303e+13 -7.87771384e+13 -7.26219432e+13
 -6.93695400e+13 -5.54203052e+13 -3.88579254e+13 -2.11873954e+13
  3.68285374e+12  2.00822515e+13  3.96916462e+13  5.70093678e+13
  7.24414531e+13  8.20451031e+13  9.13373982e+13]
6.617631E-10 [ 1.08477731e+14 -6.07684165e+13 -7.91988870e+13 -7.34857918e+13
 -7.09192447e+13 -5.76266639e+13 -4.18347145e+13 -2.49199674e+13
 -6.08310507e+11  1.54825377e+13  3.50511638e+13  5.26511853e+13
  6.87253418e+13  7.93436776e+13  8.99889784e+13]
6.627145E-10 [ 1.08495801e+14 -6.08831008e+13 -7.96068503e+13 -7.43231917e+13
 -7.24258941e+13 -5.97801814e+13 -4.47553538e+13 -2.86065117e+13
 -4.88228577e+12  1.08486455e+13  3.03039983e+13  4.80926371e+13
  6.46993739e+13  7.62140958e+13  8.80915477e+13]
6.636564E-10 [ 1.08513284e+14 -6.09938309e+13 -8.00011519e+13 -7.51342166e+13
 -7.38891942e+13 -6.18796498e+13 -4.76168696e+13 -3.22412708e+13
 -9.12970165e+12  6.19428200e+12  2.54684304e+13  4.33562164e+13
  6.03889165e+13  7.26822153e+13  8.56680707e+13]
6.645887E-10 [ 1.08530185e+14 -6.11006455e+13 -8.03818862e+13 -7.59188895e+13
 -7.53087773e+13 -6.39237849e+13 -5.04162223e+13 -3.58184400e+13
 -1.33411432e+13  1.53325363e+12  2.05630092e+13  3.84650361e+13
  5.58205547e+13  6.87760058e+13  8.27448711e+13]
6.655114E-10 [ 1.08546507e+14 -6.12035914e+13 -8.07491785e+13 -7.66773049e+13
 -7.66844236e+13 -6.59115434e+13 -5.31507399e+13 -3.93327209e+13
 -1.75078074e+13 -3.12126980e+12  1.56057588e+13  3.34420079e+13
  5.10212800e+13  6.45247959e+13  7.93509883e+13]
6.664243E-10 [ 1.08562260e+14 -6.13027440e+13 -8.11032591e+13 -7.74097829e+13
 -7.80163409e+13 -6.78425317e+13 -5.58186890e+13 -4.27800709e+13
 -2.16224159e+13 -7.75781686e+12  1.06129861e+13  2.83085452e+13
  4.60171286e+13  5.99579004e+13  7.55168553e+13]
6.673274E-10 [ 1.08577459e+14 -6.13982108e+13 -8.14444746e+13 -7.81168939e+13
 -7.93052146e+13 -6.97170851e+13 -5.84193993e+13 -4.61578903e+13
 -2.56794811e+13 -1.23669792e+13  5.59879334e+12  2.30839277e+13
  4.08323783e+13  5.51036403e+13  7.12731380e+13]
6.682206E-10 [ 1.08592119e+14 -6.14901163e+13 -8.17732360e+13 -7.87993524e+13
 -8.05520160e+13 -7.15359965e+13 -6.09528993e+13 -4.94645718e+13
 -2.96748017e+13 -1.69408980e+13  5.75550901e+11  1.77856694e+13
  3.54897423e+13  4.99892899e+13  6.66503687e+13]
6.691037E-10 [ 1.08606258e+14 -6.15785706e+13 -8.20899050e+13 -7.94577807e+13
 -8.17575714e+13 -7.32998888e+13 -6.34190464e+13 -5.26983737e+13
 -3.36041163e+13 -2.14717497e+13 -4.44448498e+12  1.24311568e+13
  3.00119208e+13  4.46424223e+13  6.16799681e+13]
6.699767E-10 [ 1.08619883e+14 -6.16636497e+13 -8.23947238e+13 -8.00925611e+13
 -8.29222890e+13 -7.50088083e+13 -6.58169483e+13 -5.58566470e+13
 -3.74621471e+13 -2.59506233e+13 -9.44790635e+12  7.03901881e+12
  2.44230196e+13  3.90923050e+13  5.63955458e+13]
6.708394E-10 [ 1.08633001e+14 -6.17454000e+13 -8.26878306e+13 -8.07038676e+13
 -8.40462106e+13 -7.66622935e+13 -6.81450459e+13 -5.89359239e+13
 -4.12426807e+13 -3.03675779e+13 -1.44201755e+13  1.62915318e+12
  1.87486329e+13  3.33700458e+13  5.08331152e+13]
6.716919E-10 [ 1.08645616e+14 -6.18238597e+13 -8.29693353e+13 -8.12918209e+13
 -8.51292953e+13 -7.82597863e+13 -7.04016822e+13 -6.19326559e+13
 -4.49394560e+13 -3.47126565e+13 -1.93467393e+13 -3.77845580e+12
  1.30146359e+13  2.75074097e+13  4.50299792e+13]
6.725340E-10 [ 1.08657733e+14 -6.18990865e+13 -8.32394205e+13 -8.18566999e+13
 -8.61718075e+13 -7.98012036e+13 -7.25859100e+13 -6.48442883e+13
 -4.85474940e+13 -3.89774584e+13 -2.42148291e+13 -9.16574144e+12
  7.24501623e+12  2.15345391e+13  3.90223878e+13]
6.733655E-10 [ 1.08669366e+14 -6.19711666e+13 -8.34983717e+13 -8.23990057e+13
 -8.71744377e+13 -8.12871203e+13 -7.46977599e+13 -6.76696324e+13
 -5.20635828e+13 -4.31557514e+13 -2.90142162e+13 -1.45174728e+13
  1.46077763e+12  1.54786681e+13  3.28440444e+13]
6.741865E-10 [ 1.08680529e+14 -6.20402062e+13 -8.37465498e+13 -8.29194044e+13
 -8.81381986e+13 -8.27186200e+13 -7.67380362e+13 -7.04086073e+13
 -5.54859808e+13 -4.72431579e+13 -3.37369085e+13 -1.98209981e+13
 -4.31989610e+12  9.36413956e+12  2.65259165e+13]
6.749968E-10 [ 1.08691237e+14 -6.21063089e+13 -8.39843062e+13 -8.34185500e+13
 -8.90640975e+13 -8.40968097e+13 -7.87076296e+13 -7.30613252e+13
 -5.88132876e+13 -5.12358295e+13 -3.83756548e+13 -2.50646198e+13
 -1.00799491e+13  3.21408482e+12  2.00978207e+13]
6.757964E-10 [ 1.08701500e+14 -6.21695505e+13 -8.42118958e+13 -8.38969002e+13
 -8.99527936e+13 -8.54223071e+13 -8.06067795e+13 -7.56270911e+13
 -6.20431805e+13 -5.51289223e+13 -4.29221667e+13 -3.02355816e+13
 -1.58012453e+13 -2.94723175e+12  1.35908446e+13]
6.765851E-10 [ 1.08711323e+14 -6.22299777e+13 -8.44294689e+13 -8.43546982e+13
 -9.08045607e+13 -8.66951791e+13 -8.24349753e+13 -7.81042545e+13
 -6.51722073e+13 -5.89163197e+13 -4.73667601e+13 -3.53196205e+13
 -2.14640276e+13 -9.09378215e+12  7.03806436e+12]
6.773628E-10 [ 1.08720711e+14 -6.22876167e+13 -8.46371041e+13 -8.47920413e+13
 -9.16194118e+13 -8.79151224e+13 -8.41912085e+13 -8.04905373e+13
 -6.81961837e+13 -6.25910884e+13 -5.16988627e+13 -4.03015123e+13
 -2.70474880e+13 -1.51983509e+13  4.73974742e+11]
6.781295E-10 [ 1.08729665e+14 -6.23424983e+13 -8.48348969e+13 -8.52090668e+13
 -9.23974450e+13 -8.90819794e+13 -8.58747095e+13 -8.27840285e+13
 -7.11114445e+13 -6.61469895e+13 -5.59087830e+13 -4.51670955e+13
 -3.25320249e+13 -2.12349972e+13 -6.06815780e+12]
6.788850E-10 [ 1.08738193e+14 -6.23946818e+13 -8.50230475e+13 -8.56061364e+13
 -9.31391871e+13 -9.01962548e+13 -8.74856968e+13 -8.49842112e+13
 -7.39161587e+13 -6.95800977e+13 -5.99896519e+13 -4.99055511e+13
 -3.79018653e+13 -2.71820126e+13 -1.25595980e+13]
6.796293E-10 [ 1.08746309e+14 -6.24442564e+13 -8.52018648e+13 -8.59838474e+13
 -9.38456166e+13 -9.12591532e+13 -8.90254382e+13 -8.70920578e+13
 -7.66104695e+13 -7.28890035e+13 -6.39377061e+13 -5.45097932e+13
 -4.31455925e+13 -3.30226196e+13 -1.89770569e+13]
6.803623E-10 [ 1.08754029e+14 -6.24913331e+13 -8.53717369e+13 -8.63429685e+13
 -9.45180454e+13 -9.22724048e+13 -9.04960034e+13 -8.91097004e+13
 -7.91960889e+13 -7.60743383e+13 -6.77517574e+13 -5.89759020e+13
 -4.82555717e+13 -3.87444303e+13 -2.53022292e+13]
6.810839E-10 [ 1.08761371e+14 -6.25360264e+13 -8.55330672e+13 -8.66843060e+13
 -9.51578684e+13 -9.32378884e+13 -9.18997191e+13 -9.10396882e+13
 -8.16753520e+13 -7.91376237e+13 -7.14318341e+13 -6.33015639e+13
 -5.32262106e+13 -4.43375629e+13 -3.15198006e+13]
6.817940E-10 [ 1.08768348e+14 -6.25784333e+13 -8.56861958e+13 -8.70085378e+13
 -9.57662509e+13 -9.41571584e+13 -9.32384794e+13 -9.28840352e+13
 -8.40499901e+13 -8.20797500e+13 -7.49773499e+13 -6.74839169e+13
 -5.80514858e+13 -4.97918674e+13 -3.76143844e+13]
6.824924E-10 [ 1.08774972e+14 -6.26186274e+13 -8.58313800e+13 -8.73161693e+13
 -9.63440455e+13 -9.50313155e+13 -9.45135500e+13 -9.46439409e+13
 -8.63207579e+13 -8.49004956e+13 -7.83865013e+13 -7.15188119e+13
 -6.27240589e+13 -5.50958917e+13 -4.35693285e+13]
6.831792E-10 [ 1.08781251e+14 -6.26566645e+13 -8.59688133e+13 -8.76075757e+13
 -9.68918676e+13 -9.58611180e+13 -9.57257255e+13 -9.63199986e+13
 -8.84876884e+13 -8.75988268e+13 -8.16566080e+13 -7.54011883e+13
 -6.72356790e+13 -6.02373026e+13 -4.93671493e+13]
6.838542E-10 [ 1.08787190e+14 -6.26925899e+13 -8.60986520e+13 -8.78830553e+13
 -9.74101963e+13 -9.66471313e+13 -9.68755438e+13 -9.79124850e+13
 -9.05504599e+13 -9.01733414e+13 -8.47846352e+13 -7.91256763e+13
 -7.15778630e+13 -6.52036387e+13 -5.49903585e+13]
6.845173E-10 [ 1.08792797e+14 -6.27264514e+13 -8.62210628e+13 -8.81429317e+13
 -9.78995647e+13 -9.73900162e+13 -9.79637052e+13 -9.94219372e+13
 -9.25091377e+13 -9.26231900e+13 -8.77683063e+13 -8.26879148e+13
 -7.57434254e+13 -6.99840564e+13 -6.04234397e+13]
6.851684E-10 [ 1.08798080e+14 -6.27583086e+13 -8.63362553e+13 -8.83876221e+13
 -9.83606892e+13 -9.80907248e+13 -9.89913590e+13 -1.00849551e+14
 -9.43646935e+13 -9.49487269e+13 -9.06069012e+13 -8.60855128e+13
 -7.97276162e+13 -7.45706556e+13 -6.56543843e+13]
6.858075E-10 [ 1.08803049e+14 -6.27882317e+13 -8.64444770e+13 -8.86176275e+13
 -9.87944513e+13 -9.87504725e+13 -9.99600645e+13 -1.02197130e+14
 -9.61189381e+13 -9.71514319e+13 -9.33011680e+13 -8.93179560e+13
 -8.35280293e+13 -7.89584010e+13 -7.06746391e+13]
6.864344E-10 [ 1.08807717e+14 -6.28162976e+13 -8.65460024e+13 -8.88335085e+13
 -9.92018506e+13 -9.93706679e+13 -1.00871687e+14 -1.03466936e+14
 -9.77743361e+13 -9.92336796e+13 -9.58530454e+13 -9.23862810e+13
 -8.71442314e+13 -8.31447110e+13 -7.54786636e+13]
6.870491E-10 [ 1.08812096e+14 -6.28425871e+13 -8.66411192e+13 -8.90358563e+13
 -9.95839517e+13 -9.99528302e+13 -1.01728276e+14 -1.04661526e+14
 -9.93337840e+13 -1.01198460e+14 -9.82653222e+13 -9.52926687e+13
 -9.05772880e+13 -8.71289194e+13 -8.00633263e+13]
6.876514E-10 [ 1.08816198e+14 -6.28671788e+13 -8.67301076e+13 -8.92252492e+13
 -9.99418002e+13 -1.00498462e+14 -1.02531879e+14 -1.05783485e+14
 -1.00800262e+14 -1.03048939e+14 -1.00541091e+14 -9.80397836e+13
 -9.38289813e+13 -9.09113673e+13 -8.44268644e+13]
6.882413E-10 [ 1.08820034e+14 -6.28901456e+13 -8.68132290e+13 -8.94022267e+13
 -1.00276375e+14 -1.01008973e+14 -1.03284423e+14 -1.06835264e+14
 -1.02176619e+14 -1.04788179e+14 -1.02683405e+14 -1.00630352e+14
 -9.69013024e+13 -9.44928039e+13 -8.85681837e+13]
6.888187E-10 [ 1.08823615e+14 -6.29115560e+13 -8.68907278e+13 -8.95672950e+13
 -1.00588594e+14 -1.01485694e+14 -1.03987738e+14 -1.07819199e+14
 -1.03465597e+14 -1.06419166e+14 -1.04695295e+14 -1.03067173e+14
 -9.97964553e+13 -9.78743798e+13 -9.24868382e+13]
6.893834E-10 [ 1.08826951e+14 -6.29314748e+13 -8.69628360e+13 -8.97209350e+13
 -1.00879336e+14 -1.01929897e+14 -1.04643582e+14 -1.08737557e+14
 -1.04669882e+14 -1.07944867e+14 -1.06579844e+14 -1.05353200e+14
 -1.02516940e+14 -1.01057733e+14 -9.61831196e+13]
6.899354E-10 [ 1.08830052e+14 -6.29499640e+13 -8.70297766e+13 -8.98636104e+13
 -1.01149448e+14 -1.02342820e+14 -1.05253676e+14 -1.09592574e+14
 -1.05792148e+14 -1.09368284e+14 -1.08340240e+14 -1.07491602e+14
 -1.05065623e+14 -1.04045065e+14 -9.96581353e+13]
6.904747E-10 [ 1.08832926e+14 -6.29670849e+13 -8.70917686e+13 -8.99957778e+13
 -1.01399769e+14 -1.02725692e+14 -1.05819744e+14 -1.10386508e+14
 -1.06835135e+14 -1.10692548e+14 -1.09979891e+14 -1.09485890e+14
 -1.07445879e+14 -1.06839294e+14 -1.02913979e+14]
6.910010E-10 [ 1.08835585e+14 -6.29828984e+13 -8.71490318e+13 -9.01178967e+13
 -1.01631145e+14 -1.03079764e+14 -1.06343547e+14 -1.11121694e+14
 -1.07801711e+14 -1.11920992e+14 -1.11502510e+14 -1.11340024e+14
 -1.09661711e+14 -1.09444197e+14 -1.05953888e+14]
6.915144E-10 [ 1.08838037e+14 -6.29974659e+13 -8.72017871e+13 -9.02304302e+13
 -1.01844433e+14 -1.03406305e+14 -1.06826893e+14 -1.11800546e+14
 -1.08694871e+14 -1.13057152e+14 -1.12912114e+14 -1.13058401e+14
 -1.11717735e+14 -1.11864375e+14 -1.08782201e+14]
6.920146E-10 [ 1.08840293e+14 -6.30108488e+13 -8.72502550e+13 -9.03338420e+13
 -1.02040495e+14 -1.03706598e+14 -1.07271616e+14 -1.12425533e+14
 -1.09517709e+14 -1.14104722e+14 -1.14212966e+14 -1.14645782e+14
 -1.13619078e+14 -1.14105143e+14 -1.11404211e+14]
6.925017E-10 [ 1.08842361e+14 -6.30231077e+13 -8.72946549e+13 -9.04285938e+13
 -1.02220190e+14 -1.03981930e+14 -1.07679563e+14 -1.12999158e+14
 -1.10273384e+14 -1.15067516e+14 -1.15409520e+14 -1.16107219e+14
 -1.15371299e+14 -1.16172411e+14 -1.13826036e+14]
6.929756E-10 [ 1.08844252e+14 -6.30343029e+13 -8.73352037e+13 -9.05151436e+13
 -1.02384374e+14 -1.04233583e+14 -1.08052586e+14 -1.13523944e+14
 -1.10965102e+14 -1.15949435e+14 -1.16506376e+14 -1.17448000e+14
 -1.16980303e+14 -1.18072591e+14 -1.16054483e+14]
6.934361E-10 [ 1.08845975e+14 -6.30444935e+13 -8.73721152e+13 -9.05939432e+13
 -1.02533892e+14 -1.04462830e+14 -1.08392530e+14 -1.14002414e+14
 -1.11596088e+14 -1.16754432e+14 -1.17508240e+14 -1.18673586e+14
 -1.18452270e+14 -1.19812496e+14 -1.18096934e+14]
6.938831E-10 [ 1.08847540e+14 -6.30537376e+13 -8.74055994e+13 -9.06654372e+13
 -1.02669577e+14 -1.04670928e+14 -1.08701223e+14 -1.14437082e+14
 -1.12169570e+14 -1.17486487e+14 -1.18419884e+14 -1.19789566e+14
 -1.19793588e+14 -1.21399260e+14 -1.19961238e+14]
6.943166E-10 [ 1.08848956e+14 -6.30620922e+13 -8.74358621e+13 -9.07300616e+13
 -1.02792249e+14 -1.04859118e+14 -1.08980472e+14 -1.14830441e+14
 -1.12688762e+14 -1.18149587e+14 -1.19246112e+14 -1.20801610e+14
 -1.21010795e+14 -1.22840260e+14 -1.21655609e+14]
6.947364E-10 [ 1.08850232e+14 -6.30696128e+13 -8.74631042e+13 -9.07882428e+13
 -1.02902710e+14 -1.05028614e+14 -1.09232055e+14 -1.15184952e+14
 -1.13156849e+14 -1.18747698e+14 -1.19991734e+14 -1.21715427e+14
 -1.22110521e+14 -1.24143038e+14 -1.23188533e+14]
6.951425E-10 [ 1.08851376e+14 -6.30763535e+13 -8.74875213e+13 -9.08403964e+13
 -1.03001743e+14 -1.05180607e+14 -1.09457717e+14 -1.15503033e+14
 -1.13576973e+14 -1.19284751e+14 -1.20661538e+14 -1.22536730e+14
 -1.23099443e+14 -1.25315247e+14 -1.24568688e+14]
6.955348E-10 [ 1.08852398e+14 -6.30823669e+13 -8.75093038e+13 -9.08869271e+13
 -1.03090110e+14 -1.05316258e+14 -1.09659161e+14 -1.15787057e+14
 -1.13952223e+14 -1.19764623e+14 -1.21260265e+14 -1.23271206e+14
 -1.23984241e+14 -1.26364585e+14 -1.25804867e+14]
6.959132E-10 [ 1.08853306e+14 -6.30877039e+13 -8.75286364e+13 -9.09282277e+13
 -1.03168555e+14 -1.05436696e+14 -1.09838051e+14 -1.16039344e+14
 -1.14285627e+14 -1.20191126e+14 -1.21792594e+14 -1.23924486e+14
 -1.24771556e+14 -1.27298751e+14 -1.26905911e+14]
6.962776E-10 [ 1.08854108e+14 -6.30924140e+13 -8.75456977e+13 -9.09646789e+13
 -1.03237797e+14 -1.05543020e+14 -1.09996005e+14 -1.16262152e+14
 -1.14580140e+14 -1.20567993e+14 -1.22263116e+14 -1.24502117e+14
 -1.25467964e+14 -1.28125393e+14 -1.27880649e+14]
6.966279E-10 [ 1.08854812e+14 -6.30965448e+13 -8.75606602e+13 -9.09966481e+13
 -1.03298530e+14 -1.05636292e+14 -1.10134591e+14 -1.16457677e+14
 -1.14838640e+14 -1.20898864e+14 -1.22676325e+14 -1.25009543e+14
 -1.26079929e+14 -1.28852065e+14 -1.28737832e+14]
6.969640E-10 [ 1.08855425e+14 -6.31001420e+13 -8.75736902e+13 -9.10244897e+13
 -1.03351426e+14 -1.05717537e+14 -1.10255323e+14 -1.16628042e+14
 -1.15063914e+14 -1.21187274e+14 -1.23036593e+14 -1.25452073e+14
 -1.26613782e+14 -1.29486184e+14 -1.29486087e+14]
6.972858E-10 [ 1.08855956e+14 -6.31032500e+13 -8.75849477e+13 -9.10485447e+13
 -1.03397132e+14 -1.05787744e+14 -1.10359665e+14 -1.16775301e+14
 -1.15258661e+14 -1.21436654e+14 -1.23348169e+14 -1.25834882e+14
 -1.27075702e+14 -1.30035011e+14 -1.30133881e+14]
6.975933E-10 [ 1.08856410e+14 -6.31059111e+13 -8.75945863e+13 -9.10691415e+13
 -1.03436269e+14 -1.05847867e+14 -1.10449028e+14 -1.16901435e+14
 -1.15425492e+14 -1.21650323e+14 -1.23615176e+14 -1.26162997e+14
 -1.27471708e+14 -1.30505632e+14 -1.30689503e+14]
6.978862E-10 [ 1.08856796e+14 -6.31081662e+13 -8.76027540e+13 -9.10865955e+13
 -1.03469435e+14 -1.05898821e+14 -1.10524771e+14 -1.17008355e+14
 -1.15566925e+14 -1.21831490e+14 -1.23841601e+14 -1.26441289e+14
 -1.27807642e+14 -1.30904942e+14 -1.31161031e+14]
6.981647E-10 [ 1.08857119e+14 -6.31100542e+13 -8.76095923e+13 -9.11012090e+13
 -1.03497206e+14 -1.05941488e+14 -1.10588199e+14 -1.17097899e+14
 -1.15685382e+14 -1.21983246e+14 -1.24031292e+14 -1.26674464e+14
 -1.28089156e+14 -1.31239622e+14 -1.31556307e+14]
6.984284E-10 [ 1.08857385e+14 -6.31116127e+13 -8.76152368e+13 -9.11132716e+13
 -1.03520129e+14 -1.05976710e+14 -1.10640562e+14 -1.17171828e+14
 -1.15783187e+14 -1.22108559e+14 -1.24187946e+14 -1.26867052e+14
 -1.28321697e+14 -1.31516117e+14 -1.31882910e+14]
6.986774E-10 [ 1.08857602e+14 -6.31128773e+13 -8.76198166e+13 -9.11230589e+13
 -1.03538729e+14 -1.06005290e+14 -1.10683053e+14 -1.17231822e+14
 -1.15862563e+14 -1.22210269e+14 -1.24315103e+14 -1.27023391e+14
 -1.28510488e+14 -1.31740620e+14 -1.32148128e+14]
6.989116E-10 [ 1.08857774e+14 -6.31138818e+13 -8.76234544e+13 -9.11308333e+13
 -1.03553504e+14 -1.06027993e+14 -1.10716808e+14 -1.17279484e+14
 -1.15925624e+14 -1.22291078e+14 -1.24416139e+14 -1.27147624e+14
 -1.28660520e+14 -1.31919047e+14 -1.32358932e+14]
6.991309E-10 [ 1.08857907e+14 -6.31146582e+13 -8.76262663e+13 -9.11368425e+13
 -1.03564925e+14 -1.06045542e+14 -1.10742900e+14 -1.17316328e+14
 -1.15974373e+14 -1.22353552e+14 -1.24494253e+14 -1.27243678e+14
 -1.28776529e+14 -1.32057022e+14 -1.32521955e+14]
6.993351E-10 [ 1.08858006e+14 -6.31152367e+13 -8.76283613e+13 -9.11413198e+13
 -1.03573434e+14 -1.06058617e+14 -1.10762342e+14 -1.17343782e+14
 -1.16010699e+14 -1.22400107e+14 -1.24552465e+14 -1.27315262e+14
 -1.28862988e+14 -1.32159857e+14 -1.32643465e+14]
6.995242E-10 [ 1.08858077e+14 -6.31156455e+13 -8.76298417e+13 -9.11444835e+13
 -1.03579447e+14 -1.06067857e+14 -1.10776080e+14 -1.17363182e+14
 -1.16036369e+14 -1.22433007e+14 -1.24593604e+14 -1.27365852e+14
 -1.28924092e+14 -1.32232538e+14 -1.32729347e+14]
6.996982E-10 [ 1.08858122e+14 -6.31159108e+13 -8.76308024e+13 -9.11465365e+13
 -1.03583348e+14 -1.06073853e+14 -1.10784995e+14 -1.17375772e+14
 -1.16053027e+14 -1.22454357e+14 -1.24620301e+14 -1.27398685e+14
 -1.28963749e+14 -1.32279709e+14 -1.32785088e+14]
6.998568E-10 [ 1.08858147e+14 -6.31160568e+13 -8.76313308e+13 -9.11476658e+13
 -1.03585495e+14 -1.06077151e+14 -1.10789899e+14 -1.17382697e+14
 -1.16062190e+14 -1.22466101e+14 -1.24634987e+14 -1.27416745e+14
 -1.28985564e+14 -1.32305658e+14 -1.32815751e+14]
7.000000E-10 [ 1.08858155e+14 -6.31161054e+13 -8.76315069e+13 -9.11480422e+13
 -1.03586210e+14 -1.06078250e+14 -1.10791534e+14 -1.17385005e+14
 -1.16065244e+14 -1.22470015e+14 -1.24639881e+14 -1.27422764e+14
 -1.28992834e+14 -1.32314306e+14 -1.32825970e+14]
